channel mapping
ch_idx	cobo	asad	aget	ch	det_idx	phi_number	side	strip
0	0	0	3	0	0	0	1	1
1	0	0	3	1	0	0	1	2
2	0	0	3	2	0	0	1	3
3	0	0	3	3	0	0	1	4
4	0	0	3	4	0	0	1	5
5	0	0	3	5	0	0	1	6
6	0	0	3	6	0	0	1	7
7	0	0	3	7	0	0	1	8
8	0	0	3	8	0	0	1	9
9	0	0	3	9	0	0	1	10
10	0	0	3	10	0	0	1	11
11	0	0	3	11	0	0	1	12
12	0	0	3	12	0	0	1	13
13	0	0	3	13	0	0	1	14
14	0	0	3	14	0	0	1	15
15	0	0	3	15	0	0	1	16
16	0	0	0	0	0	0	0	1
17	0	0	0	1	0	0	0	2
18	0	0	0	2	0	0	0	3
19	0	0	0	3	0	0	0	4
20	0	0	3	16	1	1	1	1
21	0	0	3	17	1	1	1	2
22	0	0	3	18	1	1	1	3
23	0	0	3	19	1	1	1	4
24	0	0	3	20	1	1	1	5
25	0	0	3	21	1	1	1	6
26	0	0	3	22	1	1	1	7
27	0	0	3	23	1	1	1	8
28	0	0	3	24	1	1	1	9
29	0	0	3	25	1	1	1	10
30	0	0	3	26	1	1	1	11
31	0	0	3	27	1	1	1	12
32	0	0	3	28	1	1	1	13
33	0	0	3	29	1	1	1	14
34	0	0	3	30	1	1	1	15
35	0	0	3	31	1	1	1	16
36	0	0	0	4	1	1	0	1
37	0	0	0	5	1	1	0	2
38	0	0	0	6	1	1	0	3
39	0	0	0	7	1	1	0	4
40	0	0	3	32	2	2	1	1
41	0	0	3	33	2	2	1	2
42	0	0	3	34	2	2	1	3
43	0	0	3	35	2	2	1	4
44	0	0	3	36	2	2	1	5
45	0	0	3	37	2	2	1	6
46	0	0	3	38	2	2	1	7
47	0	0	3	39	2	2	1	8
48	0	0	3	40	2	2	1	9
49	0	0	3	41	2	2	1	10
50	0	0	3	42	2	2	1	11
51	0	0	3	43	2	2	1	12
52	0	0	3	44	2	2	1	13
53	0	0	3	45	2	2	1	14
54	0	0	3	46	2	2	1	15
55	0	0	3	47	2	2	1	16
56	0	0	0	8	2	2	0	1
57	0	0	0	9	2	2	0	2
58	0	0	0	10	2	2	0	3
59	0	0	0	11	2	2	0	4
60	0	0	3	48	3	3	1	1
61	0	0	3	49	3	3	1	2
62	0	0	3	50	3	3	1	3
63	0	0	3	51	3	3	1	4
64	0	0	3	52	3	3	1	5
65	0	0	3	53	3	3	1	6
66	0	0	3	54	3	3	1	7
67	0	0	3	55	3	3	1	8
68	0	0	3	56	3	3	1	9
69	0	0	3	57	3	3	1	10
70	0	0	3	58	3	3	1	11
71	0	0	3	59	3	3	1	12
72	0	0	3	60	3	3	1	13
73	0	0	3	61	3	3	1	14
74	0	0	3	62	3	3	1	15
75	0	0	3	63	3	3	1	16
76	0	0	0	12	3	3	0	1
77	0	0	0	13	3	3	0	2
78	0	0	0	14	3	3	0	3
79	0	0	0	15	3	3	0	4
80	0	0	2	0	4	4	1	1
81	0	0	2	1	4	4	1	2
82	0	0	2	2	4	4	1	3
83	0	0	2	3	4	4	1	4
84	0	0	2	4	4	4	1	5
85	0	0	2	5	4	4	1	6
86	0	0	2	6	4	4	1	7
87	0	0	2	7	4	4	1	8
88	0	0	2	8	4	4	1	9
89	0	0	2	9	4	4	1	10
90	0	0	2	10	4	4	1	11
91	0	0	2	11	4	4	1	12
92	0	0	2	12	4	4	1	13
93	0	0	2	13	4	4	1	14
94	0	0	2	14	4	4	1	15
95	0	0	2	15	4	4	1	16
96	0	0	0	16	4	4	0	1
97	0	0	0	17	4	4	0	2
98	0	0	0	18	4	4	0	3
99	0	0	0	19	4	4	0	4
100	0	0	2	16	5	5	1	1
101	0	0	2	17	5	5	1	2
102	0	0	2	18	5	5	1	3
103	0	0	2	19	5	5	1	4
104	0	0	2	20	5	5	1	5
105	0	0	2	21	5	5	1	6
106	0	0	2	22	5	5	1	7
107	0	0	2	23	5	5	1	8
108	0	0	2	24	5	5	1	9
109	0	0	2	25	5	5	1	10
110	0	0	2	26	5	5	1	11
111	0	0	2	27	5	5	1	12
112	0	0	2	28	5	5	1	13
113	0	0	2	29	5	5	1	14
114	0	0	2	30	5	5	1	15
115	0	0	2	31	5	5	1	16
116	0	0	0	20	5	5	0	1
117	0	0	0	21	5	5	0	2
118	0	0	0	22	5	5	0	3
119	0	0	0	23	5	5	0	4
120	0	0	2	32	6	6	1	1
121	0	0	2	33	6	6	1	2
122	0	0	2	34	6	6	1	3
123	0	0	2	35	6	6	1	4
124	0	0	2	36	6	6	1	5
125	0	0	2	37	6	6	1	6
126	0	0	2	38	6	6	1	7
127	0	0	2	39	6	6	1	8
128	0	0	2	40	6	6	1	9
129	0	0	2	41	6	6	1	10
130	0	0	2	42	6	6	1	11
131	0	0	2	43	6	6	1	12
132	0	0	2	44	6	6	1	13
133	0	0	2	45	6	6	1	14
134	0	0	2	46	6	6	1	15
135	0	0	2	47	6	6	1	16
136	0	0	0	24	6	6	0	1
137	0	0	0	25	6	6	0	2
138	0	0	0	26	6	6	0	3
139	0	0	0	27	6	6	0	4
140	0	0	2	48	7	7	1	1
141	0	0	2	49	7	7	1	2
142	0	0	2	50	7	7	1	3
143	0	0	2	51	7	7	1	4
144	0	0	2	52	7	7	1	5
145	0	0	2	53	7	7	1	6
146	0	0	2	54	7	7	1	7
147	0	0	2	55	7	7	1	8
148	0	0	2	56	7	7	1	9
149	0	0	2	57	7	7	1	10
150	0	0	2	58	7	7	1	11
151	0	0	2	59	7	7	1	12
152	0	0	2	60	7	7	1	13
153	0	0	2	61	7	7	1	14
154	0	0	2	62	7	7	1	15
155	0	0	2	63	7	7	1	16
156	0	0	0	28	7	7	0	1
157	0	0	0	29	7	7	0	2
158	0	0	0	30	7	7	0	3
159	0	0	0	31	7	7	0	4
160	0	0	1	0	8	8	1	1
161	0	0	1	1	8	8	1	2
162	0	0	1	2	8	8	1	3
163	0	0	1	3	8	8	1	4
164	0	0	1	4	8	8	1	5
165	0	0	1	5	8	8	1	6
166	0	0	1	6	8	8	1	7
167	0	0	1	7	8	8	1	8
168	0	0	1	8	8	8	1	9
169	0	0	1	9	8	8	1	10
170	0	0	1	10	8	8	1	11
171	0	0	1	11	8	8	1	12
172	0	0	1	12	8	8	1	13
173	0	0	1	13	8	8	1	14
174	0	0	1	14	8	8	1	15
175	0	0	1	15	8	8	1	16
176	0	0	0	32	8	8	0	1
177	0	0	0	33	8	8	0	2
178	0	0	0	34	8	8	0	3
179	0	0	0	35	8	8	0	4
180	0	0	1	16	9	9	1	1
181	0	0	1	17	9	9	1	2
182	0	0	1	18	9	9	1	3
183	0	0	1	19	9	9	1	4
184	0	0	1	20	9	9	1	5
185	0	0	1	21	9	9	1	6
186	0	0	1	22	9	9	1	7
187	0	0	1	23	9	9	1	8
188	0	0	1	24	9	9	1	9
189	0	0	1	25	9	9	1	10
190	0	0	1	26	9	9	1	11
191	0	0	1	27	9	9	1	12
192	0	0	1	28	9	9	1	13
193	0	0	1	29	9	9	1	14
194	0	0	1	30	9	9	1	15
195	0	0	1	31	9	9	1	16
196	0	0	0	36	9	9	0	1
197	0	0	0	37	9	9	0	2
198	0	0	0	38	9	9	0	3
199	0	0	0	39	9	9	0	4
200	0	0	1	32	10	10	1	1
201	0	0	1	33	10	10	1	2
202	0	0	1	34	10	10	1	3
203	0	0	1	35	10	10	1	4
204	0	0	1	36	10	10	1	5
205	0	0	1	37	10	10	1	6
206	0	0	1	38	10	10	1	7
207	0	0	1	39	10	10	1	8
208	0	0	1	40	10	10	1	9
209	0	0	1	41	10	10	1	10
210	0	0	1	42	10	10	1	11
211	0	0	1	43	10	10	1	12
212	0	0	1	44	10	10	1	13
213	0	0	1	45	10	10	1	14
214	0	0	1	46	10	10	1	15
215	0	0	1	47	10	10	1	16
216	0	0	0	40	10	10	0	1
217	0	0	0	41	10	10	0	2
218	0	0	0	42	10	10	0	3
219	0	0	0	43	10	10	0	4
220	0	0	1	48	11	11	1	1
221	0	0	1	49	11	11	1	2
222	0	0	1	50	11	11	1	3
223	0	0	1	51	11	11	1	4
224	0	0	1	52	11	11	1	5
225	0	0	1	53	11	11	1	6
226	0	0	1	54	11	11	1	7
227	0	0	1	55	11	11	1	8
228	0	0	1	56	11	11	1	9
229	0	0	1	57	11	11	1	10
230	0	0	1	58	11	11	1	11
231	0	0	1	59	11	11	1	12
232	0	0	1	60	11	11	1	13
233	0	0	1	61	11	11	1	14
234	0	0	1	62	11	11	1	15
235	0	0	1	63	11	11	1	16
236	0	0	0	44	11	11	0	1
237	0	0	0	45	11	11	0	2
238	0	0	0	46	11	11	0	3
239	0	0	0	47	11	11	0	4
