# det_number side channel corrected_fit_amp corrected_fit_energy corrected_fit_fwhm raw_fit_mean
1 0 0 10.39206365 3.173252735 0.1477324421 1556.179517
1 0 1 21.49110478 3.180271525 0.06758695178 1525.427726
1 0 2 23.79837742 3.183281087 0.08378166328 1581.746839
1 0 3 27.21517269 3.182879912 0.08134509719 1479.232447
1 0 4 30.8029902 3.181709962 0.08164006926 1540.810704
1 0 5 33.19603867 3.182406454 0.07592175378 1582.650361
1 0 6 38.8887854 3.182658572 0.06460122283 1556.806104
1 0 7 39.22663814 3.183494503 0.07626571011 1465.801976
1 0 8 35.81703978 3.178837247 0.08816555435 1529.64822
1 0 9 42.57812808 3.182899014 0.07098524252 1618.22873
1 0 10 52.63317556 3.182627309 0.07033671493 1607.32499
1 0 11 54.29930136 3.181796149 0.06534925946 1549.168737
1 0 12 62.11538062 3.182504926 0.06225866442 1619.837478
1 0 13 69.92414177 3.182694627 0.06099697001 1611.548623
1 0 14 76.80452684 3.182342846 0.0596262621 1618.287432
1 0 15 68.39811306 3.181525896 0.06671385917 1541.980865
1 0 16 82.05975791 3.183369042 0.06472025226 1635.462005
1 0 17 75.63132979 3.181898624 0.06698295196 1598.846315
1 0 18 97.37648376 3.181808551 0.05967131461 1590.543894
1 0 19 83.92113235 3.182052792 0.06723175149 1550.707763
1 0 20 94.28860549 3.182502992 0.06499705482 1627.240052
1 0 21 93.66810196 3.181332663 0.0625851137 1647.488866
1 0 22 110.8184857 3.181672647 0.06286694446 1620.727147
1 0 23 95.3464357 3.181460747 0.0688647729 1477.867514
1 0 24 121.5431428 3.182647996 0.05900411519 1639.93942
1 0 25 127.6487228 3.182093475 0.06216090139 1636.14577
1 0 26 140.0439113 3.181913243 0.05825861172 1597.755108
1 0 27 136.7030118 3.181808893 0.06271474538 1477.319301
1 0 28 146.2308812 3.182306906 0.05720488337 1608.517578
1 0 29 130.8414778 3.18226034 0.05510137909 1619.300333
1 0 30 136.7632606 3.182862734 0.05948050494 1663.373768
1 0 31 104.6012763 3.181917458 0.06871444503 1500.08033
1 1 0 391.2063871 3.181858524 0.1142059501 1397.667805
1 1 1 263.3436739 3.181937052 0.1122888591 1362.25036
1 1 2 517.8942469 3.181973763 0.1190263003 1370.394435
1 1 3 374.5493912 3.1812219 0.1188166658 1401.160623
2 0 0 14.27582018 3.184906604 0.1232115185 1467.981369
2 0 1 31.71579716 3.181531214 0.06920245086 1593.759988
2 0 2 32.77742998 3.179191309 0.07378327011 1536.362673
2 0 3 35.76428519 3.182827038 0.07895793098 1441.41987
2 0 4 34.84306315 3.182598279 0.07566908835 1476.885897
2 0 5 39.72206927 3.184103036 0.07230679881 1489.692901
2 0 6 40.90922961 3.182551337 0.07401748961 1550.681869
2 0 7 43.32011257 3.183695436 0.06332684045 1415.289767
2 0 8 43.88591226 3.181894948 0.07101812137 1568.346061
2 0 9 48.79455485 3.182027486 0.08060431 1543.306484
2 0 10 51.98302367 3.18205599 0.07221859273 1574.157619
2 0 11 57.41192742 3.181334796 0.07323754932 1453.570327
2 0 12 62.76327296 3.182720156 0.07112531841 1561.605947
2 0 13 62.68727259 3.181929635 0.07070196106 1588.151422
2 0 14 66.52927796 3.1820047 0.07185245702 1534.938314
2 0 15 71.01874016 3.181675684 0.06987650856 1502.511612
2 0 16 75.15596625 3.180950905 0.07239278015 1508.947584
2 0 17 81.39855001 3.181841939 0.07032509442 1513.868684
2 0 18 98.59841752 3.181671933 0.06251981376 1620.962416
2 0 19 94.05224506 3.182463935 0.06774814715 1500.06945
2 0 20 102.2287089 3.182223268 0.06062709916 1621.709732
2 0 21 114.8606114 3.181376655 0.06135176921 1634.137658
2 0 22 118.6100561 3.182351068 0.06205241481 1668.200022
2 0 23 137.3287038 3.181980533 0.05525493042 1597.42022
2 0 24 125.3378286 3.181941149 0.06249992152 1677.099839
2 0 25 142.5395268 3.181680279 0.0609481178 1618.770807
2 0 26 129.7377795 3.18170052 0.06060684984 1658.692595
2 0 27 142.5222735 3.182149408 0.06210522466 1559.042471
2 0 28 143.5762364 3.181626229 0.05752691044 1697.472991
2 0 29 120.1313646 3.182547118 0.06811298639 1573.758394
2 0 30 147.7956799 3.182125786 0.05450406106 1663.874707
2 0 31 114.5664503 3.181864523 0.06191010607 1640.77363
2 1 0 487.9978567 3.18277414 0.1183174968 1457.250725
2 1 1 404.1763127 3.182291485 0.112398772 1397.292941
2 1 2 366.2084827 3.181927658 0.116316005 1405.578984
2 1 3 378.1762069 3.182401624 0.1183039081 1434.016125
3 0 0 11.36469935 3.183363982 0.1488408466 1480.156987
3 0 1 20.69175506 3.181235964 0.07033472429 1603.008472
3 0 2 28.19766815 3.182227868 0.07279993989 1515.132664
3 0 3 24.78788977 3.180868783 0.08086931065 1491.765653
3 0 4 22.89548241 3.181182477 0.08722655405 1472.217365
3 0 5 30.82915356 3.181369563 0.08134255828 1487.606057
3 0 6 37.85666308 3.182026599 0.06802914938 1549.837923
3 0 7 33.96588993 3.182739024 0.07323147088 1505.310298
3 0 8 38.02339468 3.18425046 0.07971408968 1537.936649
3 0 9 45.50864998 3.181939176 0.0668822755 1498.56884
3 0 10 49.45402381 3.183184736 0.06636625747 1535.072971
3 0 11 50.93098283 3.181813083 0.07095156071 1501.017636
3 0 12 59.75275604 3.182776974 0.06970135122 1539.06882
3 0 13 56.76628242 3.181637973 0.066773531 1553.87881
3 0 14 61.70878039 3.182407622 0.06814802312 1535.248067
3 0 15 60.50098861 3.182380323 0.07518077104 1511.696021
3 0 16 65.96465521 3.181450643 0.07214640376 1568.645871
3 0 17 75.78528066 3.182475345 0.06990281296 1541.965917
3 0 18 72.85533683 3.182500464 0.07018868698 1561.456234
3 0 19 76.15337532 3.182088403 0.07234583359 1470.301149
3 0 20 98.05554778 3.182137595 0.06503825622 1526.831522
3 0 21 91.05104229 3.181708317 0.06879106338 1556.632702
3 0 22 102.8237491 3.181911182 0.06395773731 1533.054918
3 0 23 99.93893521 3.182455494 0.07112823392 1501.633874
3 0 24 108.0108489 3.182784616 0.0680241304 1496.92939
3 0 25 106.9481298 3.182637862 0.07050829841 1534.384255
3 0 26 111.2519615 3.182220369 0.06276468619 1557.485075
3 0 27 127.9018332 3.182569329 0.0617843348 1503.246619
3 0 28 134.0123326 3.18196409 0.061061638 1558.794822
3 0 29 137.0523377 3.182281323 0.05916663943 1589.931345
3 0 30 117.8153145 3.181929607 0.06126443696 1625.667865
3 0 31 100.0703668 3.183135341 0.06687981141 1531.524839
3 1 0 435.0835132 3.182260431 0.1026325323 1513.727803
3 1 1 421.6867574 3.181066858 0.1145703679 1428.529347
3 1 2 339.4088036 3.182882291 0.1153986465 1477.595665
3 1 3 361.3105299 3.182097871 0.1118758589 1504.532429
4 0 0 14.29202538 3.190191397 0.108675738 1415.616615
4 0 1 24.64906672 3.185670623 0.08582941128 1370.704371
4 0 2 24.45643737 3.182876397 0.07607181181 1313.226546
4 0 3 33.5707348 3.181913773 0.07012379943 1443.236291
4 0 4 34.71840139 3.183283961 0.06091668689 1437.401068
4 0 5 32.67760832 3.178293462 0.08099862382 1393.672426
4 0 6 37.30486746 3.18247218 0.07479614031 1467.593188
4 0 7 38.65198059 3.181327151 0.07258393647 1437.580697
4 0 8 45.49849231 3.18169706 0.06815757656 1468.302267
4 0 9 54.92067136 3.181791879 0.0637081224 1448.285592
4 0 10 47.49128974 3.18553366 0.07815813788 1430.401592
4 0 11 53.2514814 3.180530153 0.06476728488 1370.210453
4 0 12 62.53237556 3.182358753 0.0653967805 1501.130518
4 0 13 57.74567028 3.181563522 0.07335132257 1460.016801
4 0 14 67.94692768 3.183321698 0.07259870901 1447.769507
4 0 15 66.45050715 3.182197731 0.0729312789 1455.715613
4 0 16 76.45034837 3.181855919 0.06564874056 1465.483274
4 0 17 79.30620217 3.18259757 0.06791507704 1484.39303
4 0 18 87.12352168 3.182654215 0.06731835666 1458.076063
4 0 19 82.57597163 3.182204097 0.07226116451 1463.394456
4 0 20 99.68481417 3.182229995 0.06261472091 1464.484246
4 0 21 105.637423 3.18175114 0.06245934657 1535.231962
4 0 22 105.4137405 3.181618475 0.06384027928 1491.05762
4 0 23 101.0289632 3.181797148 0.06600141751 1417.751109
4 0 24 107.5219694 3.182012436 0.06342577605 1507.342678
4 0 25 114.9236516 3.182082557 0.05988627278 1535.283191
4 0 26 128.420835 3.182506971 0.05606080539 1530.632979
4 0 27 104.5135495 3.182068201 0.06312928184 1439.878655
4 0 28 129.1820354 3.182298595 0.05955247204 1530.429185
4 0 29 143.3010903 3.181576469 0.05453337118 1513.706988
4 0 30 130.3441603 3.182156092 0.05348457216 1622.914423
4 0 31 91.66590998 3.182262745 0.07200583787 1416.757225
4 1 0 441.7363134 3.182385445 0.1111843346 1475.704813
4 1 1 319.1965019 3.181614601 0.1077506797 1465.22067
4 1 2 457.9387661 3.181597597 0.1035080675 1455.300432
4 1 3 368.1675303 3.182149132 0.1080132666 1532.923208
