# det_number side channel corrected_fit_amp corrected_fit_energy corrected_fit_fwhm raw_fit_mean
1 0 0 33.33544623 3.182516128 0.06158820748 1613.635827
1 0 1 33.11787326 3.182635772 0.07404454981 1570.113182
1 0 2 30.81820016 3.181024976 0.07320500871 1628.099198
1 0 3 37.32343655 3.183290254 0.07489142203 1520.679748
1 0 4 40.50537193 3.181455423 0.06694828587 1585.904473
1 0 5 42.42587242 3.183014986 0.0630897259 1626.073581
1 0 6 47.09683582 3.182374119 0.0624706849 1602.071605
1 0 7 45.68199967 3.181463474 0.06723101745 1505.499093
1 0 8 48.4314719 3.181966031 0.0733935995 1571.371078
1 0 9 61.1607385 3.181944369 0.06250248887 1663.579663
1 0 10 55.03873813 3.181961327 0.06533811125 1649.7246
1 0 11 68.0897924 3.182024499 0.06356036455 1590.61886
1 0 12 71.25801638 3.182002049 0.06603575763 1659.331186
1 0 13 67.3026144 3.182831866 0.06581977996 1653.375989
1 0 14 78.60462548 3.182042127 0.06455261804 1660.805453
1 0 15 79.11430535 3.180717615 0.06403658536 1583.545718
1 0 16 100.9612075 3.182024059 0.05866811098 1678.642032
1 0 17 103.6377378 3.182234487 0.05761380913 1639.809133
1 0 18 105.9852977 3.182019467 0.06064426692 1630.313207
1 0 19 118.6409053 3.182246439 0.0604239864 1589.623901
1 0 20 120.109922 3.182326297 0.05934117561 1668.805088
1 0 21 131.5057742 3.182220584 0.05788419085 1689.977222
1 0 22 129.5256921 3.181496015 0.05715105982 1663.488721
1 0 23 133.6087574 3.182221738 0.06268779785 1518.586851
1 0 24 146.1534682 3.182457943 0.05495350514 1685.671552
1 0 25 159.9105894 3.182030445 0.05590247634 1681.14193
1 0 26 158.3591199 3.182278834 0.05445364093 1642.162797
1 0 27 150.9918934 3.18227504 0.06180947968 1517.764008
1 0 28 174.0441464 3.182126805 0.05721257169 1653.100183
1 0 29 179.2122308 3.18141807 0.05381052555 1663.297287
1 0 30 176.9316577 3.18001062 0.05077013408 1708.994729
1 0 31 158.0795782 3.182211631 0.05696653368 1545.726826
1 1 0 441.4153858 3.1819076 0.1169371169 1438.201084
1 1 1 283.4714921 3.182243356 0.1150008179 1400.328743
1 1 2 601.5687134 3.181941909 0.1154454586 1409.317144
1 1 3 460.9917867 3.182211181 0.1135069933 1444.762928
2 0 0 32.24996056 3.18530934 0.06044874924 1527.175174
2 0 1 33.16265804 3.180529982 0.07137828893 1635.823108
2 0 2 41.15312762 3.182165331 0.0684479266 1580.38913
2 0 3 37.86888398 3.181873231 0.07278308116 1480.076031
2 0 4 39.61005098 3.18241426 0.07380787191 1517.757431
2 0 5 40.17373059 3.181250957 0.08007977161 1531.89651
2 0 6 48.23801309 3.181629004 0.07078563432 1589.507293
2 0 7 46.62920557 3.182502639 0.07997307683 1450.83015
2 0 8 58.80430738 3.181097811 0.0687768256 1608.481653
2 0 9 57.20654 3.182630536 0.06787877261 1584.405587
2 0 10 63.16531236 3.182609247 0.06863985113 1615.906783
2 0 11 64.71375715 3.182340921 0.0682642401 1490.010693
2 0 12 69.59303302 3.182276745 0.06864013709 1601.327646
2 0 13 75.87634755 3.183480729 0.06694707684 1625.647141
2 0 14 86.91126319 3.181847302 0.06423364934 1572.002718
2 0 15 88.46811526 3.182005831 0.06299249668 1538.738162
2 0 16 86.13959589 3.181979837 0.07607333619 1545.340642
2 0 17 95.80880953 3.182083718 0.07174783957 1550.719514
2 0 18 125.0892625 3.18182005 0.05695728219 1660.15261
2 0 19 111.4737534 3.182205499 0.06392638376 1533.186024
2 0 20 110.3006052 3.18210378 0.06137704307 1659.539287
2 0 21 147.1423501 3.181602087 0.05485682837 1671.897618
2 0 22 150.2237505 3.181993297 0.05639927691 1708.916299
2 0 23 146.426296 3.182230409 0.05685999492 1632.567688
2 0 24 160.7003829 3.181760625 0.05123296744 1716.08119
2 0 25 160.7750005 3.182142366 0.05793140348 1656.139497
2 0 26 170.075889 3.181779952 0.05300522188 1698.432527
2 0 27 151.0250277 3.181969963 0.06008074028 1595.73279
2 0 28 183.74935 3.181778422 0.0522873024 1741.397633
2 0 29 149.4088204 3.181640268 0.06299567614 1613.993643
2 0 30 167.581036 3.182183512 0.05229440285 1706.361795
2 0 31 171.208689 3.181854925 0.05211863831 1682.54309
2 1 0 566.6385712 3.182087725 0.1131094861 1498.237701
2 1 1 454.3478671 3.181732397 0.1140325198 1433.196953
2 1 2 423.554257 3.18217077 0.1150691985 1442.981763
2 1 3 455.6740954 3.182132105 0.1109445239 1475.047001
3 0 0 29.00487853 3.181370656 0.07137346216 1538.891851
3 0 1 29.2679789 3.182525905 0.06551341174 1647.651451
3 0 2 34.72502656 3.181450714 0.06471035185 1555.029882
3 0 3 37.93412629 3.182400605 0.06685497327 1529.095073
3 0 4 32.75628772 3.184540563 0.08810893758 1513.043683
3 0 5 38.16209614 3.182356842 0.07414789966 1528.496303
3 0 6 42.64812248 3.182196386 0.07287844134 1590.123942
3 0 7 46.03512929 3.181929053 0.07267004189 1543.787048
3 0 8 50.52806074 3.181948804 0.06311313264 1580.497665
3 0 9 50.5894496 3.178854576 0.06823350247 1538.206883
3 0 10 53.63585859 3.180876106 0.0775355946 1576.2507
3 0 11 57.24995568 3.182239885 0.06888871586 1539.950873
3 0 12 69.91565414 3.181127094 0.06091471613 1581.140989
3 0 13 67.35778934 3.181836509 0.06403439397 1595.966392
3 0 14 69.9087717 3.182112675 0.06457050269 1577.627319
3 0 15 82.56466172 3.182316905 0.06590425906 1554.510117
3 0 16 92.43861655 3.182123498 0.06066280975 1613.637866
3 0 17 94.34820528 3.182047215 0.06172611848 1585.025246
3 0 18 104.42315 3.182260415 0.06073656248 1607.480406
3 0 19 106.3481577 3.18237314 0.06245503407 1511.858615
3 0 20 111.5627792 3.181092851 0.05671211335 1571.679493
3 0 21 115.4174982 3.18238097 0.06091999889 1599.290001
3 0 22 137.185498 3.181373684 0.05577735681 1577.429705
3 0 23 131.8549827 3.182170699 0.06337163182 1543.09931
3 0 24 135.0502641 3.18183542 0.06220178816 1539.738377
3 0 25 151.6094861 3.182185431 0.05728186315 1577.79913
3 0 26 172.1208931 3.182114001 0.05303271065 1600.537484
3 0 27 138.8743893 3.181924013 0.06238837552 1542.525708
3 0 28 146.3972383 3.18233037 0.05713025549 1599.573858
3 0 29 174.2516684 3.182020678 0.05335628856 1632.892353
3 0 30 158.8522553 3.181988471 0.0564470262 1668.219801
3 0 31 143.8629228 3.181822011 0.05742222332 1575.534426
3 1 0 505.0105053 3.181918281 0.1037355783 1561.995291
3 1 1 504.6273541 3.181347955 0.108388106 1475.860666
3 1 2 403.9104445 3.181513652 0.1084930994 1524.756221
3 1 3 420.7580903 3.181740646 0.1088520468 1551.321042
4 0 0 39.46416852 3.18405016 0.06231476753 1469.057873
4 0 1 23.72176599 3.182847144 0.08020097672 1403.069056
4 0 2 25.51879505 3.182438527 0.09021380908 1347.054642
4 0 3 33.11506564 3.182670101 0.07955313528 1476.350282
4 0 4 35.59344151 3.18238141 0.07634472514 1468.708483
4 0 5 41.32792038 3.182858286 0.07275445761 1428.066079
4 0 6 53.89760651 3.181781428 0.06655173604 1503.332656
4 0 7 54.72456442 3.184259537 0.06794181794 1471.397456
4 0 8 52.85140763 3.181722387 0.06544889598 1504.715577
4 0 9 48.30970067 3.181693794 0.07661687779 1478.153518
4 0 10 53.51767529 3.182303883 0.07534158523 1462.464773
4 0 11 58.82969623 3.182025375 0.06818244123 1401.128691
4 0 12 70.54432536 3.182177232 0.06218715256 1533.994352
4 0 13 64.20762413 3.181634771 0.07041564996 1493.376593
4 0 14 73.16177689 3.181524641 0.0716175781 1480.785521
4 0 15 87.12883539 3.182440539 0.064995714 1487.020087
4 0 16 88.74589907 3.182757303 0.060392112 1496.170242
4 0 17 96.33247306 3.182250535 0.06149528655 1516.877299
4 0 18 92.1007367 3.181789641 0.0617783028 1488.675267
4 0 19 93.75860496 3.182648243 0.06783324788 1494.312192
4 0 20 104.2504832 3.182132367 0.06677752817 1496.32909
4 0 21 133.6467473 3.182417899 0.05546839432 1566.1447
4 0 22 112.7012088 3.181967236 0.06818334792 1523.086603
4 0 23 121.3730934 3.182980648 0.06336218541 1447.740583
4 0 24 127.8606086 3.181848113 0.05985897126 1538.83862
4 0 25 147.1616621 3.181696581 0.05881788488 1567.202447
4 0 26 148.8302404 3.182374516 0.05769326843 1563.746207
4 0 27 135.3879862 3.182616987 0.06408808339 1471.424731
4 0 28 160.3936531 3.182714763 0.0537031169 1566.079887
4 0 29 152.7526297 3.181994965 0.05589016266 1549.014685
4 0 30 142.0275252 3.182733054 0.05830737645 1661.247515
4 0 31 135.5057513 3.182254987 0.0597554417 1455.839251
4 1 0 510.3313385 3.18171441 0.1080410509 1516.948467
4 1 1 342.912484 3.181723415 0.1134803313 1499.712962
4 1 2 502.6665092 3.18203563 0.1077605425 1490.645223
4 1 3 459.5557799 3.181062124 0.1020641882 1576.390793
