# det_number side channel corrected_fit_amp corrected_fit_energy corrected_fit_fwhm raw_fit_mean
1 0 0 32.89541072 3.182467224 0.06572201591 1607.793909
1 0 1 24.259859 3.180593563 0.08925333892 1563.173202
1 0 2 28.8570034 3.182382454 0.07044735942 1624.218932
1 0 3 39.38301688 3.182574441 0.06846343876 1519.707797
1 0 4 40.04073072 3.180867016 0.07047636352 1581.421342
1 0 5 42.75470779 3.183936066 0.06736460004 1620.732102
1 0 6 49.05919774 3.181784465 0.06340423505 1596.294385
1 0 7 50.25587279 3.18174794 0.06869562688 1500.710751
1 0 8 63.53489225 3.182381734 0.06072902528 1568.20777
1 0 9 60.87676307 3.182585885 0.06101199654 1659.906507
1 0 10 63.31214245 3.181546931 0.06180194826 1646.027916
1 0 11 57.3859558 3.18087284 0.06719331163 1587.229012
1 0 12 74.1042405 3.182336517 0.06134407912 1656.374286
1 0 13 72.95450245 3.182201497 0.06751074288 1648.966255
1 0 14 86.50754189 3.182100397 0.05767494491 1657.272574
1 0 15 83.73367515 3.181499539 0.06270519596 1578.900049
1 0 16 78.66961195 3.181821454 0.06868399191 1672.550064
1 0 17 98.88091453 3.18282856 0.06236894647 1635.139882
1 0 18 105.9662035 3.183108531 0.06032363374 1626.956929
1 0 19 117.8866076 3.182419914 0.05854372639 1586.004457
1 0 20 125.2827805 3.181216711 0.05666790641 1664.778675
1 0 21 128.5282503 3.181934486 0.05886270526 1686.292278
1 0 22 149.3490054 3.181844627 0.05627847425 1660.395481
1 0 23 129.7997219 3.182006851 0.06261550649 1513.999501
1 0 24 139.844106 3.182161815 0.05875257182 1681.052895
1 0 25 165.0011035 3.181682599 0.05324841271 1676.638264
1 0 26 158.9613808 3.181761821 0.05735616461 1638.013341
1 0 27 146.5398119 3.182136618 0.06242829812 1514.32543
1 0 28 166.8501956 3.181612384 0.0547546911 1649.235416
1 0 29 156.6206738 3.182095408 0.05380330826 1658.77995
1 0 30 157.890314 3.181333809 0.05336412872 1704.98272
1 0 31 166.1321412 3.181873627 0.05585077288 1541.136629
1 1 0 432.0406593 3.182163496 0.1166362357 1434.188965
1 1 1 264.1783942 3.182325749 0.1224253367 1395.712257
1 1 2 606.7594579 3.18183728 0.1182012489 1404.93827
1 1 3 454.4546925 3.181807078 0.1111472261 1439.361064
2 0 0 31.94695875 3.183025265 0.06788296469 1522.153499
2 0 1 33.78229904 3.180097809 0.0729326351 1632.233502
2 0 2 38.53748172 3.181996385 0.06840898878 1576.507388
2 0 3 41.90779721 3.182563209 0.06842419589 1479.445212
2 0 4 41.8587161 3.185441176 0.0712927134 1512.956583
2 0 5 52.23108805 3.183521807 0.06497355432 1526.216625
2 0 6 54.06590967 3.181942119 0.06786049456 1588.054356
2 0 7 42.88522178 3.183339355 0.08092202401 1445.774974
2 0 8 57.95479047 3.182904508 0.06688427993 1604.03959
2 0 9 60.08494964 3.181847596 0.06558239336 1579.700498
2 0 10 75.14962083 3.182276756 0.06236539251 1610.505903
2 0 11 65.60872403 3.181074707 0.07148705944 1486.807736
2 0 12 78.54704346 3.182758519 0.06346285702 1596.994935
2 0 13 79.38388646 3.182243942 0.06953845274 1620.903544
2 0 14 82.04103811 3.181165224 0.06791312655 1568.414031
2 0 15 91.90978913 3.18248931 0.06420947896 1535.106947
2 0 16 84.96971178 3.181993879 0.07376734092 1540.791386
2 0 17 84.05002737 3.182269426 0.06802770172 1547.434184
2 0 18 105.6817182 3.181847349 0.0602828874 1655.720522
2 0 19 108.3825202 3.181997111 0.06314433041 1531.572654
2 0 20 121.2509946 3.181600483 0.06055092822 1654.752736
2 0 21 133.730268 3.182490117 0.0572076094 1668.931467
2 0 22 148.1258565 3.182253041 0.05417247692 1704.113446
2 0 23 148.8176966 3.18192215 0.05833636665 1629.237453
2 0 24 175.3883709 3.182075259 0.05239846626 1712.30031
2 0 25 143.0288079 3.182220455 0.06077167605 1652.917634
2 0 26 166.3415979 3.182353622 0.05527089246 1694.256531
2 0 27 160.8791179 3.181913799 0.05612572957 1592.25244
2 0 28 164.891498 3.182474801 0.05346347693 1737.083141
2 0 29 140.5652268 3.181814997 0.0629923868 1609.650471
2 0 30 162.557799 3.182204362 0.05792091819 1702.378085
2 0 31 168.2184503 3.18177853 0.05132040926 1677.745112
2 1 0 565.4977787 3.181791415 0.1146482424 1493.514387
2 1 1 453.0079067 3.181289232 0.1121653552 1428.583745
2 1 2 426.7569571 3.182335859 0.1116396886 1438.812476
2 1 3 464.3576032 3.182116232 0.1103020728 1471.054605
3 0 0 29.7336463 3.183113877 0.07093199462 1534.641131
3 0 1 27.9999419 3.182890255 0.07162945571 1643.350388
3 0 2 31.67620878 3.182789851 0.07639826826 1551.749104
3 0 3 30.56084795 3.181049754 0.07384236711 1528.601044
3 0 4 37.54311575 3.18225812 0.06360277809 1510.223048
3 0 5 45.45840366 3.181337711 0.06497592234 1524.385209
3 0 6 43.96191161 3.184260028 0.06931317474 1585.949953
3 0 7 38.93775799 3.181378817 0.07734065351 1540.675318
3 0 8 48.04540851 3.182987108 0.07052484007 1575.279689
3 0 9 53.3920229 3.182166185 0.06906373942 1533.090868
3 0 10 55.30169486 3.181897228 0.06481204979 1573.256873
3 0 11 58.31056657 3.182317571 0.06806549331 1534.339893
3 0 12 56.44832496 3.182060037 0.06977209883 1575.579809
3 0 13 74.40539987 3.182128454 0.06675257928 1590.135897
3 0 14 70.35159832 3.181992778 0.06429116176 1572.497783
3 0 15 78.75700756 3.182924707 0.06132693861 1551.252517
3 0 16 78.89411136 3.182212249 0.06268297404 1609.068047
3 0 17 87.41421906 3.181776711 0.0641052161 1581.104459
3 0 18 96.44764571 3.181448929 0.06242884211 1603.424867
3 0 19 102.9921045 3.182861918 0.06112387068 1507.610636
3 0 20 103.8423249 3.182832481 0.06201130901 1566.001436
3 0 21 111.6246561 3.181987915 0.06060036251 1595.603274
3 0 22 135.1749922 3.18211855 0.06005527298 1573.669512
3 0 23 130.2970566 3.182478347 0.06360398186 1538.770688
3 0 24 138.4630595 3.181521784 0.06078177964 1534.911177
3 0 25 139.7769107 3.18263795 0.05885619349 1573.180967
3 0 26 144.4035116 3.18185724 0.05899168122 1596.810046
3 0 27 148.7109859 3.181716031 0.05783441651 1539.017554
3 0 28 146.1319239 3.18234198 0.05789083903 1596.43569
3 0 29 147.304522 3.181576132 0.05630836213 1627.569714
3 0 30 142.1378379 3.182079858 0.05746359931 1664.349402
3 0 31 140.3973767 3.182775704 0.05910854145 1572.300509
3 1 0 481.3892693 3.181959678 0.1046637467 1557.318798
3 1 1 490.9113334 3.182271169 0.1099992181 1470.94728
3 1 2 391.2518969 3.182089581 0.1102719286 1519.016438
3 1 3 408.6591064 3.182264899 0.1087859338 1545.862062
4 0 0 25.75914035 3.18013997 0.07391166702 1466.314497
4 0 1 31.80711748 3.180968471 0.0734973613 1404.838002
4 0 2 25.97207791 3.182681192 0.08394428869 1344.150199
4 0 3 35.40729601 3.181252419 0.06626344293 1474.524829
4 0 4 42.73570528 3.182070202 0.07035760563 1466.460731
4 0 5 37.58577947 3.181856202 0.07428080802 1424.863229
4 0 6 51.07662195 3.181504888 0.06319652687 1500.464507
4 0 7 42.70453062 3.181760579 0.07299644776 1467.436545
4 0 8 64.65130338 3.182823166 0.06135255686 1500.293892
4 0 9 52.78563262 3.182565904 0.07185985793 1475.471261
4 0 10 56.26714677 3.182348786 0.06976752924 1460.407329
4 0 11 58.9064149 3.181040596 0.06950131067 1399.127184
4 0 12 71.70263509 3.18238125 0.06418104413 1530.889183
4 0 13 68.85178947 3.181563061 0.06589083915 1489.267444
4 0 14 73.62734781 3.182443727 0.06347496034 1478.211692
4 0 15 83.64323663 3.182347213 0.06392352743 1482.778691
4 0 16 89.32374621 3.182241209 0.06461917489 1491.481002
4 0 17 88.41900477 3.183198006 0.0648344859 1512.500373
4 0 18 91.48301173 3.182188502 0.06779445959 1484.954171
4 0 19 99.46088807 3.182627702 0.06324217403 1492.38575
4 0 20 112.5216911 3.18132859 0.06326436242 1492.269524
4 0 21 120.2826024 3.181815359 0.05837959897 1563.250325
4 0 22 124.5468266 3.181838879 0.060375436 1520.289718
4 0 23 127.0649682 3.182481112 0.06249431303 1444.803061
4 0 24 139.238034 3.182153739 0.05875737144 1535.809168
4 0 25 150.737009 3.182105985 0.05738054954 1564.069505
4 0 26 142.2984892 3.181874003 0.05997392627 1560.089656
4 0 27 136.104705 3.182119621 0.0634396445 1468.728017
4 0 28 154.5003186 3.181831659 0.0566691207 1562.725772
4 0 29 143.4637162 3.182440069 0.0582904104 1544.82323
4 0 30 148.6959517 3.1818379 0.05511201486 1658.121165
4 0 31 130.582761 3.182553358 0.05933268091 1451.683872
4 1 0 525.7638857 3.18178079 0.1030227481 1511.881508
4 1 1 356.110018 3.181825762 0.1101561944 1495.584509
4 1 2 496.2194849 3.182359294 0.1087312361 1486.661353
4 1 3 444.6703284 3.182252794 0.1034821775 1571.255553
