x6      0    2    8    4    1    0  32.5    1 101.5    0     90.0  40.3  75.0    5
x6      1    2    8    4    1    0  32.5    1 101.5   11     60.0  40.3  75.0    5
x6      2    2    8    4    1    0  32.5    1 101.5   10     30.0  40.3  75.0    5
x6      3    2    8    4    1    0  32.5    1 101.5    9      0.0  40.3  75.0    5
x6      4    2    8    4    1    0  32.5    1 101.5    8    330.0  40.3  75.0    5
x6      5    2    8    4    1    0  32.5    1 101.5    7    300.0  40.3  75.0    5
x6      6    2    8    4    1    0  32.5    1 101.5    6    270.0  40.3  75.0    5
x6      7    2    8    4    1    0  32.5    1 101.5    5    240.0  40.3  75.0    5
x6      8    2    8    4    1    0  32.5    1 101.5    4    210.0  40.3  75.0    5
x6      9    2    8    4    1    0  32.5    1 101.5    3    180.0  40.3  75.0    5
x6     10    2    8    4    1    0  32.5    1 101.5    2    150.0  40.3  75.0    5
x6     11    2    8    4    1    0  32.5    1 101.5    1    120.0  40.3  75.0    5
x6     12    2    8    4    1    0  25.0    2 150.0    0     90.0  40.3  75.0    5
x6     13    2    8    4    1    0  25.0    2 150.0   15     67.5  40.3  75.0    5
x6     14    2    8    4    1    0  25.0    2 150.0   14     45.0  40.3  75.0    5
x6     15    2    8    4    1    0  25.0    2 150.0   13     22.5  40.3  75.0    5
x6     16    2    8    4    1    0  25.0    2 150.0   12      0.0  40.3  75.0    5
x6     17    2    8    4    1    0  25.0    2 150.0   11    337.5  40.3  75.0    5
x6     18    2    8    4    1    0  25.0    2 150.0   10    315.0  40.3  75.0    5
x6     19    2    8    4    1    0  25.0    2 150.0    9    292.5  40.3  75.0    5
x6     20    2    8    4    1    0  25.0    2 150.0    8    270.0  40.3  75.0    5
x6     21    2    8    4    1    0  25.0    2 150.0    7    247.5  40.3  75.0    5
x6     22    2    8    4    1    0  25.0    2 150.0    6    225.0  40.3  75.0    5
x6     23    2    8    4    1    0  25.0    2 150.0    5    202.5  40.3  75.0    5
x6     24    2    8    4    1    0  25.0    2 150.0    4    180.0  40.3  75.0    5
x6     25    2    8    4    1    0  25.0    2 150.0    3    157.5  40.3  75.0    5
x6     26    2    8    4    1    0  25.0    2 150.0    2    135.0  40.3  75.0    5
x6     27    2    8    4    1    0  25.0    2 150.0    1    112.5  40.3  75.0    5
x6     28    2    8    4    1    0  32.5    0  90.0    0     90.0  40.3  75.0    5
x6     29    2    8    4    1    0  32.5    0  90.0   11     60.0  40.3  75.0    5
x6     30    2    8    4    1    0  32.5    0  90.0   10     30.0  40.3  75.0    5
x6     31    2    8    4    1    0  32.5    0  90.0    9      0.0  40.3  75.0    5
csd    32    2    8    1    0    0  32.5    0  90.0    8    330.0  40.3  75.0    5
csd    33    2    8    1    0    0  32.5    0  90.0    7    300.0  40.3  75.0    5
csd    34    2    8    1    0    0  32.5    0  90.0    6    270.0  40.3  75.0    5
csd    35    2    8    1    0    0  32.5    0  90.0    5    240.0  40.3  75.0    5
csd    36    2    8    1    0    0  32.5    0  90.0    4    210.0  40.3  75.0    5
csd    37    2    8    1    0    0  32.5    0  90.0    3    180.0  40.3  75.0    5
csd    38    2    8    1    0    0  32.5    0  90.0    2    150.0  40.3  75.0    5
csd    39    2    8    1    0    0  32.5    0  90.0    1    120.0  40.3  75.0    5
