
========== 1 0 0.6 3
0 0 -4 6
amplitude  252.198 0 291
mean       0.0213283 -0.2 2
sigma      0.256344 0 0.6
y-itercept 35.8056 0 2910
slope      -8.48206 -58.2 0
q-Boundary -1.76442 -2.65 -1.65
========== 1 20 0.6 3
0 0 -4 6
amplitude  102.472 0 109
mean       -0.049703 -0.2 2
sigma      0.244354 0 0.6
y-itercept 5.49223 0 1090
slope      -1.24784 -21.8 0
q-Boundary -0.700014 -1.2 -0.2
========== 1 21 0.6 3
0 0 -4 6
amplitude  46.7602 0 59
mean       0.0305177 -0.2 2
sigma      0.23954 0 0.6
y-itercept 5.55341 0 590
slope      -1.28287 -11.8 0
q-Boundary -1.00663 -1.65 -0.65
========== 1 22 0.6 3
0 0 -4 6
amplitude  74.9068 0 95
mean       -0.0251873 -0.2 2
sigma      0.272687 0 0.6
y-itercept 15.8096 0 950
slope      -3.63054 -19 0
q-Boundary -1.30002 -1.8 -0.8
========== 1 23 0.6 3
0 0 -4 6
amplitude  84.5262 0 104
mean       0.090952 -0.2 2
sigma      0.253569 0 0.6
y-itercept 20.7212 0 1040
slope      -5.01234 -20.8 0
q-Boundary -1.50002 -2 -1
========== 1 24 0.6 3
0 0 -4 6
amplitude  29.8651 0 42
mean       0.0548443 -0.2 2
sigma      0.211292 0 0.6
y-itercept 6.96232 0 420
slope      -1.71084 -8.4 0
q-Boundary -1.75002 -2.25 -1.25
========== 1 25 0.6 3
0 0 -4 6
amplitude  79.6863 0 94
mean       0.083339 -0.2 2
sigma      0.22796 0 0.6
y-itercept 15.1441 0 940
slope      -3.8679 -18.8 0
q-Boundary -2.07833 -2.6 -1.6
========== 1 26 0.6 3
0 0 -0.8 6
amplitude  8.91687 0 23
mean       -0.0619533 -0.2 0.2
sigma      0.246566 0 0.6
y-itercept 4.13979e-07 0 230
slope      -0.00232368 -4.6 0
q-Boundary -2.39894 -2.6 -1.6

========== 2 0 0.6 3
0 0 -4 6
amplitude  137.554 0 169
mean       0.0184285 -0.2 2
sigma      0.229484 0 0.6
y-itercept 16.3563 0 1690
slope      -3.84954 -33.8 0
q-Boundary -1.62624 -2.625 -1.625
========== 2 20 0.6 3
0 0 -4 6
amplitude  59.5898 0 60
mean       -0.0539981 -0.2 2
sigma      0.216236 0 0.6
y-itercept 2.90714 0 600
slope      -0.656839 -12 0
q-Boundary -0.850013 -1.35 -0.35
========== 2 21 0.6 3
0 0 -4 6
amplitude  85.8972 0 87
mean       -0.0568576 -0.2 2
sigma      0.267864 0 0.6
y-itercept 7.93142 0 870
slope      -1.70025 -17.4 0
q-Boundary -1.10002 -1.6 -0.6
========== 2 22 0.6 3
0 0 -4 6
amplitude  85.1154 0 105
mean       -0.0544002 -0.2 2
sigma      0.254977 0 0.6
y-itercept 12.4653 0 1050
slope      -2.858 -21 0
q-Boundary -1.30002 -1.8 -0.8
========== 2 23 0.6 3
0 0 -4 6
amplitude  102.508 0 120
mean       0.0695091 -0.2 2
sigma      0.223081 0 0.6
y-itercept 17.2456 0 1200
slope      -4.09014 -24 0
q-Boundary -1.6032 -2.2 -1.2
========== 2 24 0.6 3
0 0 -4 6
amplitude  76.5447 0 92
mean       0.104659 -0.2 2
sigma      0.193184 0 0.6
y-itercept 13.0925 0 920
slope      -3.22269 -18.4 0
q-Boundary -1.80618 -2.4 -1.4
========== 2 25 0.6 3
0 0 -4 6
amplitude  92.0547 0 102
mean       0.1217 -0.2 2
sigma      0.179385 0 0.6
y-itercept 11.5996 0 1020
slope      -2.96183 -20.4 0
q-Boundary -2.0172 -2.6 -1.6

========== 3 0 0.6 3
0 0 -4 6
amplitude  139.424 0 163
mean       -0.0215814 -0.2 2
sigma      0.210844 0 0.6
y-itercept 15.0162 0 1630
slope      -3.54039 -32.6 0
q-Boundary -1.67781 -2.575 -1.575
========== 3 20 0.6 3
0 0 -4 6
amplitude  51.7737 0 57
mean       -0.101537 -0.2 2
sigma      0.216671 0 0.6
y-itercept 2.32852 0 570
slope      -0.522443 -11.4 0
q-Boundary -0.75111 -1.25 -0.25
========== 3 21 0.6 3
0 0 -4 6
amplitude  94.9014 0 102
mean       -0.0401772 -0.2 2
sigma      0.220945 0 0.6
y-itercept 9.72974 0 1020
slope      -2.18668 -20.4 0
q-Boundary -0.900011 -1.4 -0.4
========== 3 22 0.6 3
0 0 -4 6
amplitude  49.1707 0 56
mean       -0.0450276 -0.2 2
sigma      0.237963 0 0.6
y-itercept 5.26462 0 560
slope      -1.20375 -11.2 0
q-Boundary -1.35 -1.85 -0.85
========== 3 23 0.6 3
0 0 -4 6
amplitude  103.471 0 110
mean       0.0121058 -0.2 2
sigma      0.214208 0 0.6
y-itercept 15.309 0 1100
slope      -3.63074 -22 0
q-Boundary -1.50002 -2 -1
========== 3 24 0.6 3
0 0 -4 6
amplitude  74.9086 0 79
mean       0.0103682 -0.2 2
sigma      0.193245 0 0.6
y-itercept 12.7477 0 790
slope      -3.15733 -15.8 0
q-Boundary -1.81627 -2.4 -1.4
========== 3 25 0.6 3
0 0 -4 6
amplitude  77.5698 0 86
mean       0.0534513 -0.2 2
sigma      0.16502 0 0.6
y-itercept 12.0332 0 860
slope      -3.08449 -17.2 0
q-Boundary -2.00653 -2.6 -1.6

========== 12 0 0.6 3
0 0 -4 6
amplitude  994.395 0 1090
mean       0.0785964 -0.2 2
sigma      0.161202 0 0.6
y-itercept 74.5329 0 10900
slope      -15.1998 -218 0
q-Boundary -1.78259 -2.3375 -1.3375
========== 12 5 0.6 3
0 0 -4 6
amplitude  17.5757 0 35
mean       1.00702 -0.2 2
sigma      0.270816 0 0.6
y-itercept 19.3409 0 350
slope      -2.54308 -7 0
q-Boundary 0.0999891 -0.4 0.6
========== 12 6 0.6 3
0 0 -4 6
amplitude  171.881 0 178
mean       0.0678851 -0.2 2
sigma      0.142043 0 0.6
y-itercept 5.0405 0 1780
slope      -0.875691 -35.6 0
q-Boundary -0.254566 -0.7875 0.2125
========== 12 7 0.6 3
0 0 -4 6
amplitude  231.423 0 234
mean       0.0507014 -0.2 2
sigma      0.161779 0 0.6
y-itercept 4.15005 0 2340
slope      -0.640935 -46.8 0
q-Boundary -0.462532 -0.9625 0.0375
========== 12 8 0.6 3
0 0 -4 6
amplitude  162.047 0 192
mean       0.0774319 -0.2 2
sigma      0.158711 0 0.6
y-itercept 7.90359 0 1920
slope      -1.67528 -38.4 0
q-Boundary -0.63061 -1.1375 -0.1375
========== 12 9 0.6 3
0 0 -4 6
amplitude  111.875 0 126
mean       0.105688 -0.2 2
sigma      0.157156 0 0.6
y-itercept 9.38795 0 1260
slope      -2.05651 -25.2 0
q-Boundary -0.787553 -1.2875 -0.2875
========== 12 10 0.6 3
0 0 -4 6
amplitude  87.7309 0 97
mean       0.109236 -0.2 2
sigma      0.157688 0 0.6
y-itercept 10.1694 0 970
slope      -2.27014 -19.4 0
q-Boundary -0.962592 -1.4625 -0.4625
========== 12 11 0.6 3
0 0 -4 6
amplitude  60.4609 0 85
mean       0.0925792 -0.2 2
sigma      0.156419 0 0.6
y-itercept 11.4332 0 850
slope      -2.56668 -17 0
q-Boundary -1.15646 -1.6625 -0.6625
========== 12 12 0.6 3
0 0 -4 6
amplitude  99.6545 0 114
mean       0.091487 -0.2 2
sigma      0.159106 0 0.6
y-itercept 22.3459 0 1140
slope      -5.06087 -22.8 0
q-Boundary -1.30488 -1.825 -0.825
========== 12 13 0.6 3
0 0 -4 6
amplitude  41.6655 0 74
mean       0.0682396 -0.2 2
sigma      0.149799 0 0.6
y-itercept 10.988 0 740
slope      -2.5458 -14.8 0
q-Boundary -1.46258 -1.9625 -0.9625
========== 12 14 0.6 3
0 0 -4 6
amplitude  27.3279 0 91
mean       0.0667668 -0.2 2
sigma      0.146676 0 0.6
y-itercept 12.1958 0 910
slope      -2.94463 -18.2 0
q-Boundary -1.62807 -2.1375 -1.1375
========== 12 15 0.6 3
0 0 -4 6
amplitude  24.6412 0 98
mean       0.116935 -0.2 2
sigma      0.144771 0 0.6
y-itercept 11.2061 0 980
slope      -2.69529 -19.6 0
q-Boundary -1.77778 -2.2875 -1.2875
========== 12 16 0.6 3
0 0 -4 6
amplitude  22.7272 0 101
mean       0.122744 -0.2 2
sigma      0.159259 0 0.6
y-itercept 15.7338 0 1010
slope      -4.06006 -20.2 0
q-Boundary -1.86323 -2.375 -1.375

========== 13 0 0.6 3
0 0 -4 6
amplitude  1057.26 0 1114
mean       0.0830987 -0.2 2
sigma      0.157119 0 0.6
y-itercept 38.4358 0 11140
slope      -7.16475 -222.8 0
q-Boundary -1.77951 -2.2875 -1.2875
========== 13 5 0.6 3
0 0 -4 6
amplitude  11.3327 0 24
mean       0.987367 -0.2 2
sigma      0.276066 0 0.6
y-itercept 15.3865 0 240
slope      -2.02 -4.8 0
q-Boundary 0.0999896 -0.4 0.6
========== 13 6 0.6 3
0 0 -4 6
amplitude  199.261 0 214
mean       0.0653929 -0.2 2
sigma      0.143392 0 0.6
y-itercept 1.73412 0 2140
slope      -0.199738 -42.8 0
q-Boundary -0.287533 -0.7875 0.2125
========== 13 7 0.6 3
0 0 -4 6
amplitude  220.044 0 225
mean       0.062082 -0.2 2
sigma      0.156654 0 0.6
y-itercept 1.59978 0 2250
slope      -0.165654 -45 0
q-Boundary -0.462536 -0.9625 0.0375
========== 13 8 0.6 3
0 0 -4 6
amplitude  157.443 0 167
mean       0.0858175 -0.2 2
sigma      0.1603 0 0.6
y-itercept 3.12129 0 1670
slope      -0.576577 -33.4 0
q-Boundary -0.612535 -1.1125 -0.1125
========== 13 9 0.6 3
0 0 -4 6
amplitude  125.48 0 142
mean       0.105053 -0.2 2
sigma      0.149065 0 0.6
y-itercept 3.75342 0 1420
slope      -0.696205 -28.4 0
q-Boundary -0.805389 -1.3125 -0.3125
========== 13 10 0.6 3
0 0 -4 6
amplitude  99.7785 0 110
mean       0.0987216 -0.2 2
sigma      0.150497 0 0.6
y-itercept 3.81871 0 1100
slope      -0.733304 -22 0
q-Boundary -0.962524 -1.4625 -0.4625
========== 13 11 0.6 3
0 0 -4 6
amplitude  75.46 0 85
mean       0.103072 -0.2 2
sigma      0.152816 0 0.6
y-itercept 5.17548 0 850
slope      -1.08196 -17 0
q-Boundary -1.13753 -1.6375 -0.6375
========== 13 12 0.6 3
0 0 -4 6
amplitude  58.3262 0 78
mean       0.089483 -0.2 2
sigma      0.16136 0 0.6
y-itercept 5.26715 0 780
slope      -1.11978 -15.6 0
q-Boundary -1.31782 -1.8125 -0.8125
========== 13 13 0.6 3
0 0 -4 6
amplitude  91.4325 0 102
mean       0.0844904 -0.2 2
sigma      0.159691 0 0.6
y-itercept 11.705 0 1020
slope      -2.55032 -20.4 0
q-Boundary -1.47505 -1.975 -0.975
========== 13 14 0.6 3
0 0 -4 6
amplitude  59.1064 0 82
mean       0.0892826 -0.2 2
sigma      0.167612 0 0.6
y-itercept 13.5014 0 820
slope      -3.1504 -16.4 0
q-Boundary -1.62509 -2.125 -1.125
========== 13 15 0.6 3
0 0 -4 6
amplitude  57.1008 0 96
mean       0.0969621 -0.2 2
sigma      0.15781 0 0.6
y-itercept 14.1884 0 960
slope      -3.30307 -19.2 0
q-Boundary -1.76602 -2.275 -1.275
========== 13 16 0.6 3
0 0 -4 6
amplitude  65.8366 0 90
mean       0.126761 -0.2 2
sigma      0.171302 0 0.6
y-itercept 18.4585 0 900
slope      -4.6243 -18 0
q-Boundary -1.79438 -2.35 -1.35

========== 14 0 0.6 3
0 0 -4 6
amplitude  1056.46 0 1116
mean       0.0916322 -0.2 2
sigma      0.148586 0 0.6
y-itercept 15.8819 0 11160
slope      -1.70087 -223.2 0
q-Boundary -1.63759 -2.1375 -1.1375
========== 14 5 0.6 3
0 0 -4 6
amplitude  5.54083 0 22
mean       1.54353 -0.2 2
sigma      0.6 0 0.6
y-itercept 8.44267 0 220
slope      -0.841609 -4.4 0
q-Boundary 0.0975593 -0.4 0.6
========== 14 6 0.6 3
0 0 -4 6
amplitude  179.53 0 188
mean       0.089671 -0.2 2
sigma      0.124972 0 0.6
y-itercept 1.38178 0 1880
slope      -0.120811 -37.6 0
q-Boundary -0.287524 -0.7875 0.2125
========== 14 7 0.6 3
0 0 -4 6
amplitude  244.985 0 261
mean       0.0778158 -0.2 2
sigma      0.132592 0 0.6
y-itercept 1.38903 0 2610
slope      -0.154905 -52.2 0
q-Boundary -0.362532 -0.8625 0.1375
========== 14 8 0.6 3
0 0 -4 6
amplitude  166.373 0 181
mean       0.0877654 -0.2 2
sigma      0.143691 0 0.6
y-itercept 2.37174 0 1810
slope      -0.361534 -36.2 0
q-Boundary -0.612526 -1.1125 -0.1125
========== 14 9 0.6 3
0 0 -4 6
amplitude  113.438 0 125
mean       0.115597 -0.2 2
sigma      0.164485 0 0.6
y-itercept 1.51748 0 1250
slope      -0.178069 -25 0
q-Boundary -0.76527 -1.2625 -0.2625
========== 14 10 0.6 3
0 0 -4 6
amplitude  91.5568 0 102
mean       0.107491 -0.2 2
sigma      0.160051 0 0.6
y-itercept 1.63423 0 1020
slope      -0.198351 -20.4 0
q-Boundary -0.987622 -1.4875 -0.4875
========== 14 11 0.6 3
0 0 -4 6
amplitude  74.2454 0 89
mean       0.0992208 -0.2 2
sigma      0.158554 0 0.6
y-itercept 2.0239 0 890
slope      -0.301034 -17.8 0
q-Boundary -1.11252 -1.6125 -0.6125
========== 14 12 0.6 3
0 0 -4 6
amplitude  57.3822 0 65
mean       0.091633 -0.2 2
sigma      0.162553 0 0.6
y-itercept 1.55941 0 650
slope      -0.194403 -13 0
q-Boundary -1.31252 -1.8125 -0.8125
========== 14 13 0.6 3
0 0 -4 6
amplitude  45.7819 0 53
mean       0.0898039 -0.2 2
sigma      0.173073 0 0.6
y-itercept 1.93848 0 530
slope      -0.308469 -10.6 0
q-Boundary -1.45087 -1.9625 -0.9625
========== 14 14 0.6 3
0 0 -4 6
amplitude  75.0494 0 82
mean       0.0802261 -0.2 2
sigma      0.162819 0 0.6
y-itercept 5.2417 0 820
slope      -0.957929 -16.4 0
q-Boundary -1.60304 -2.125 -1.125
========== 14 15 0.6 3
0 0 -4 6
amplitude  32.6398 0 38
mean       0.10515 -0.2 2
sigma      0.173949 0 0.6
y-itercept 1.88757 0 380
slope      -0.338375 -7.6 0
q-Boundary -1.76252 -2.2625 -1.2625
========== 14 16 0.6 3
0 0 -4 6
amplitude  38.3286 0 42
mean       0.110077 -0.2 2
sigma      0.174981 0 0.6
y-itercept 3.04688 0 420
slope      -0.720095 -8.4 0
q-Boundary -1.85988 -2.375 -1.375

========== 15 0 0.6 3
0 0 -4 6
amplitude  981.243 0 1039
mean       0.0813714 -0.2 2
sigma      0.163517 0 0.6
y-itercept 19.3575 0 10390
slope      -2.65857 -207.8 0
q-Boundary -1.73759 -2.2375 -1.2375
========== 15 5 0.6 3
0 0 -4 6
amplitude  2.12547 0 19
mean       1.80036 -0.2 2
sigma      0.6 0 0.6
y-itercept 13.6496 0 190
slope      -1.81048 -3.8 0
q-Boundary 0.216691 -0.6 0.4
========== 15 6 0.6 3
0 0 -4 6
amplitude  143.805 0 160
mean       0.0764903 -0.2 2
sigma      0.157504 0 0.6
y-itercept 1.44174 0 1600
slope      -0.141084 -32 0
q-Boundary -0.287525 -0.7875 0.2125
========== 15 7 0.6 3
0 0 -4 6
amplitude  215.254 0 222
mean       0.0567417 -0.2 2
sigma      0.160745 0 0.6
y-itercept 1.42757 0 2220
slope      -0.168982 -44.4 0
q-Boundary -0.355815 -0.8875 0.1125
========== 15 8 0.6 3
0 0 -4 6
amplitude  150.853 0 167
mean       0.078003 -0.2 2
sigma      0.159495 0 0.6
y-itercept 2.24224 0 1670
slope      -0.368031 -33.4 0
q-Boundary -0.587526 -1.0875 -0.0875
========== 15 9 0.6 3
0 0 -4 6
amplitude  120.193 0 123
mean       0.10559 -0.2 2
sigma      0.164729 0 0.6
y-itercept 1.70318 0 1230
slope      -0.221388 -24.6 0
q-Boundary -0.762529 -1.2625 -0.2625
========== 15 10 0.6 3
0 0 -4 6
amplitude  92.5819 0 103
mean       0.10974 -0.2 2
sigma      0.156963 0 0.6
y-itercept 2.18331 0 1030
slope      -0.361189 -20.6 0
q-Boundary -0.962534 -1.4625 -0.4625
========== 15 11 0.6 3
0 0 -4 6
amplitude  66.0025 0 76
mean       0.0829092 -0.2 2
sigma      0.163543 0 0.6
y-itercept 2.73466 0 760
slope      -0.489367 -15.2 0
q-Boundary -1.13753 -1.6375 -0.6375
========== 15 12 0.6 3
0 0 -4 6
amplitude  117.87 0 121
mean       0.0914647 -0.2 2
sigma      0.159989 0 0.6
y-itercept 4.8224 0 1210
slope      -0.855334 -24.2 0
q-Boundary -1.27502 -1.775 -0.775
========== 15 13 0.6 3
0 0 -4 6
amplitude  98.2345 0 109
mean       0.070071 -0.2 2
sigma      0.159202 0 0.6
y-itercept 5.70672 0 1090
slope      -1.0748 -21.8 0
q-Boundary -1.45008 -1.975 -0.975
========== 15 14 0.6 3
0 0 -4 6
amplitude  71.3928 0 83
mean       0.0817816 -0.2 2
sigma      0.174005 0 0.6
y-itercept 6.3879 0 830
slope      -1.34364 -16.6 0
q-Boundary -1.62503 -2.125 -1.125
========== 15 15 0.6 3
0 0 -4 6
amplitude  32.6701 0 44
mean       0.0785073 -0.2 2
sigma      0.159547 0 0.6
y-itercept 2.9304 0 440
slope      -0.567711 -8.8 0
q-Boundary -1.76252 -2.2625 -1.2625
========== 15 16 0.6 3
0 0 -4 6
amplitude  68.8626 0 73
mean       0.119702 -0.2 2
sigma      0.185752 0 0.6
y-itercept 8.5172 0 730
slope      -2.05112 -14.6 0
q-Boundary -1.82505 -2.35 -1.35

========== 16 0 0.6 3
0 0 -4 6
amplitude  894.142 0 897
mean       0.103446 -0.2 2
sigma      0.132899 0 0.6
y-itercept 20.2872 0 8970
slope      -2.42229 -179.4 0
q-Boundary -1.69552 -2.1875 -1.1875
========== 16 5 0.6 3
0 0 -4 6
amplitude  13.1675 0 26
mean       0.918637 -0.2 2
sigma      0.192635 0 0.6
y-itercept 16.2542 0 260
slope      -2.30839 -5.2 0
q-Boundary 0.499988 3.33067e-16 1
========== 16 6 0.6 3
0 0 -4 6
amplitude  80 0 80
mean       0.164277 -0.2 2
sigma      0.19094 0 0.6
y-itercept 18.1217 0 800
slope      -2.12828 -16 0
q-Boundary 0.20883 -0.4 0.6
========== 16 7 0.6 3
0 0 -4 6
amplitude  172.137 0 181
mean       0.156608 -0.2 2
sigma      0.0810795 0 0.6
y-itercept 2.27394 0 1810
slope      -0.315616 -36.2 0
q-Boundary -0.02696 -0.5375 0.4625
========== 16 8 0.6 3
0 0 -4 6
amplitude  210.375 0 226
mean       0.0903484 -0.2 2
sigma      0.113312 0 0.6
y-itercept 1.67034 0 2260
slope      -0.158685 -45.2 0
q-Boundary -0.187543 -0.6875 0.3125
========== 16 9 0.6 3
0 0 -4 6
amplitude  156.742 0 169
mean       0.0932973 -0.2 2
sigma      0.125354 0 0.6
y-itercept 1.72588 0 1690
slope      -0.220115 -33.8 0
q-Boundary -0.387551 -0.8875 0.1125
========== 16 10 0.6 3
0 0 -4 6
amplitude  115.203 0 123
mean       0.100961 -0.2 2
sigma      0.13654 0 0.6
y-itercept 1.86941 0 1230
slope      -0.21842 -24.6 0
q-Boundary -0.637527 -1.1375 -0.1375
========== 16 11 0.6 3
0 0 -4 6
amplitude  77.8854 0 79
mean       0.0959614 -0.2 2
sigma      0.150642 0 0.6
y-itercept 2.91713 0 790
slope      -0.498453 -15.8 0
q-Boundary -0.857877 -1.3625 -0.3625
========== 16 12 0.6 3
0 0 -4 6
amplitude  64.987 0 71
mean       0.0784754 -0.2 2
sigma      0.145805 0 0.6
y-itercept 2.19987 0 710
slope      -0.363696 -14.2 0
q-Boundary -1.01252 -1.5125 -0.5125
========== 16 13 0.6 3
0 0 -4 6
amplitude  104.645 0 113
mean       0.0613152 -0.2 2
sigma      0.151428 0 0.6
y-itercept 5.31104 0 1130
slope      -0.858109 -22.6 0
q-Boundary -1.22502 -1.725 -0.725
========== 16 14 0.6 3
0 0 -4 6
amplitude  86.5546 0 95
mean       0.0664854 -0.2 2
sigma      0.153638 0 0.6
y-itercept 6.70484 0 950
slope      -1.27786 -19 0
q-Boundary -1.39935 -1.925 -0.925
========== 16 15 0.6 3
0 0 -4 6
amplitude  65.1434 0 72
mean       0.0601676 -0.2 2
sigma      0.168087 0 0.6
y-itercept 6.91051 0 720
slope      -1.40352 -14.4 0
q-Boundary -1.5974 -2.125 -1.125
========== 16 16 0.6 3
0 0 -4 6
amplitude  36.7527 0 49
mean       0.0939747 -0.2 2
sigma      0.150435 0 0.6
y-itercept 6.42045 0 490
slope      -1.62017 -9.8 0
q-Boundary -1.7961 -2.325 -1.325

========== 17 0 0.6 3
0 0 -4 6
amplitude  797 0 797
mean       0.098096 -0.2 2
sigma      0.14658 0 0.6
y-itercept 19.9692 0 7970
slope      -2.31654 -159.4 0
q-Boundary -1.69962 -2.2375 -1.2375
========== 17 5 0.6 3
0 0 -4 6
amplitude  11.8559 0 23
mean       0.685629 -0.2 2
sigma      0.6 0 0.6
y-itercept 10.7867 0 230
slope      -1.09879 -4.6 0
q-Boundary 0.5 3.33067e-16 1
========== 17 6 0.6 3
0 0 -4 6
amplitude  67 0 67
mean       -0.2 -0.2 2
sigma      0.520578 0 0.6
y-itercept 17.6351 0 670
slope      -2.00736 -13.4 0
q-Boundary 0.214663 -0.2 0.8
========== 17 7 0.6 3
0 0 -4 6
amplitude  150.733 0 157
mean       0.172259 -0.2 2
sigma      0.0860856 0 0.6
y-itercept 2.14931 0 1570
slope      -0.302548 -31.4 0
q-Boundary -0.0015309 -0.5125 0.4875
========== 17 8 0.6 3
0 0 -4 6
amplitude  189.623 0 202
mean       0.08162 -0.2 2
sigma      0.12529 0 0.6
y-itercept 1.6706 0 2020
slope      -0.14589 -40.4 0
q-Boundary -0.112716 -0.6625 0.3375
========== 17 9 0.6 3
0 0 -4 6
amplitude  136.68 0 155
mean       0.0780726 -0.2 2
sigma      0.136069 0 0.6
y-itercept 1.78581 0 1550
slope      -0.226792 -31 0
q-Boundary -0.443343 -0.9125 0.0875
========== 17 10 0.6 3
0 0 -4 6
amplitude  103 0 103
mean       0.0921577 -0.2 2
sigma      0.146874 0 0.6
y-itercept 2.17008 0 1030
slope      -0.299419 -20.6 0
q-Boundary -0.661259 -1.1375 -0.1375
========== 17 11 0.6 3
0 0 -4 6
amplitude  78.7342 0 81
mean       0.0878841 -0.2 2
sigma      0.154427 0 0.6
y-itercept 2.50709 0 810
slope      -0.394069 -16.2 0
q-Boundary -0.8625 -1.3625 -0.3625
========== 17 12 0.6 3
0 0 -4 6
amplitude  59.0941 0 63
mean       0.072124 -0.2 2
sigma      0.161204 0 0.6
y-itercept 2.52055 0 630
slope      -0.428278 -12.6 0
q-Boundary -1.07743 -1.5875 -0.5875
========== 17 13 0.6 3
0 0 -4 6
amplitude  50.717 0 67
mean       0.059515 -0.2 2
sigma      0.165888 0 0.6
y-itercept 2.63016 0 670
slope      -0.431668 -13.4 0
q-Boundary -1.25603 -1.7625 -0.7625
========== 17 14 0.6 3
0 0 -4 6
amplitude  80.5294 0 85
mean       0.0476871 -0.2 2
sigma      0.172285 0 0.6
y-itercept 5.99273 0 850
slope      -1.05157 -17 0
q-Boundary -1.43947 -2.075 -1.075
========== 17 15 0.6 3
0 0 -4 6
amplitude  59.2705 0 67
mean       0.0716305 -0.2 2
sigma      0.187288 0 0.6
y-itercept 7.28799 0 670
slope      -1.51624 -13.4 0
q-Boundary -1.62503 -2.125 -1.125
========== 17 16 0.6 3
0 0 -4 6
amplitude  74.8516 0 85
mean       0.0709536 -0.2 2
sigma      0.161023 0 0.6
y-itercept 11.7461 0 850
slope      -2.88961 -17 0
q-Boundary -1.75003 -2.25 -1.25

========== 18 0 0.6 3
0 0 -4 6
amplitude  745.003 0 753
mean       0.0926509 -0.2 2
sigma      0.155496 0 0.6
y-itercept 17.0646 0 7530
slope      -1.57607 -150.6 0
q-Boundary -1.73759 -2.2375 -1.2375
========== 18 5 0.6 3
0 0 -4 6
amplitude  13.3634 0 26
mean       1.05563 -0.2 2
sigma      0.206084 0 0.6
y-itercept 12.7045 0 260
slope      -1.60965 -5.2 0
q-Boundary 0.499987 3.33067e-16 1
========== 18 6 0.6 3
0 0 -4 6
amplitude  53.9999 0 54
mean       0.151323 -0.2 2
sigma      0.147276 0 0.6
y-itercept 22.5617 0 540
slope      -3.39324 -10.8 0
q-Boundary 0.224239 -0.2 0.8
========== 18 7 0.6 3
0 0 -4 6
amplitude  153.735 0 159
mean       0.171168 -0.2 2
sigma      0.0831189 0 0.6
y-itercept 2.10196 0 1590
slope      -0.249833 -31.8 0
q-Boundary -0.00629252 -0.5125 0.4875
========== 18 8 0.6 3
0 0 -4 6
amplitude  173.59 0 192
mean       0.0870293 -0.2 2
sigma      0.127351 0 0.6
y-itercept 1.7875 0 1920
slope      -0.141072 -38.4 0
q-Boundary -0.175798 -0.7125 0.2875
========== 18 9 0.6 3
0 0 -4 6
amplitude  123.992 0 140
mean       0.0769327 -0.2 2
sigma      0.149997 0 0.6
y-itercept 1.10328 0 1400
slope      -0.00268519 -28 0
q-Boundary -0.337533 -0.8375 0.1625
========== 18 10 0.6 3
0 0 -4 6
amplitude  100.712 0 117
mean       0.0744106 -0.2 2
sigma      0.1579 0 0.6
y-itercept 1.50465 0 1170
slope      -0.12382 -23.4 0
q-Boundary -0.612533 -1.1125 -0.1125
========== 18 11 0.6 3
0 0 -4 6
amplitude  69.0339 0 78
mean       0.0638892 -0.2 2
sigma      0.169506 0 0.6
y-itercept 2.26048 0 780
slope      -0.319806 -15.6 0
q-Boundary -0.853239 -1.5125 -0.5125
========== 18 12 0.6 3
0 0 -4 6
amplitude  60.8273 0 63
mean       0.0579753 -0.2 2
sigma      0.167467 0 0.6
y-itercept 2.18246 0 630
slope      -0.311376 -12.6 0
q-Boundary -1.06252 -1.5625 -0.5625
========== 18 13 0.6 3
0 0 -4 6
amplitude  94.2966 0 98
mean       0.0407712 -0.2 2
sigma      0.173084 0 0.6
y-itercept 4.70504 0 980
slope      -0.759218 -19.6 0
q-Boundary -1.22503 -1.725 -0.725
========== 18 14 0.6 3
0 0 -4 6
amplitude  68.4846 0 74
mean       0.0413009 -0.2 2
sigma      0.176789 0 0.6
y-itercept 6.35522 0 740
slope      -1.20038 -14.8 0
q-Boundary -1.45072 -1.975 -0.975
========== 18 15 0.6 3
0 0 -4 6
amplitude  61.7215 0 71
mean       0.0586228 -0.2 2
sigma      0.189654 0 0.6
y-itercept 6.02019 0 710
slope      -1.24687 -14.2 0
q-Boundary -1.64881 -2.175 -1.175
========== 18 16 0.6 3
0 0 -4 6
amplitude  32.5526 0 44
mean       0.094566 -0.2 2
sigma      0.184578 0 0.6
y-itercept 4.45221 0 440
slope      -1.14858 -8.8 0
q-Boundary -1.74437 -2.275 -1.275

========== 19 0 0.6 3
0 0 -4 6
amplitude  730.11 0 734
mean       0.0874853 -0.2 2
sigma      0.162923 0 0.6
y-itercept 15.539 0 7340
slope      -1.26009 -146.8 0
q-Boundary -1.63763 -2.1375 -1.1375
========== 19 5 0.6 3
0 0 -4 6
amplitude  3.6316 0 19
mean       1.99524 -0.2 2
sigma      0.6 0 0.6
y-itercept 13.1159 0 190
slope      -1.74614 -3.8 0
q-Boundary 0.499985 3.33067e-16 1
========== 19 6 0.6 3
0 0 -4 6
amplitude  112.787 0 113
mean       0.229678 -0.2 2
sigma      0.108654 0 0.6
y-itercept 22.4425 0 1130
slope      -3.06366 -22.6 0
q-Boundary 0.116272 -0.2 0.8
========== 19 7 0.6 3
0 0 -4 6
amplitude  140.042 0 147
mean       0.170791 -0.2 2
sigma      0.0917783 0 0.6
y-itercept 1.8442 0 1470
slope      -0.161643 -29.4 0
q-Boundary 0.000509136 -0.5125 0.4875
========== 19 8 0.6 3
0 0 -4 6
amplitude  165.935 0 171
mean       0.0819603 -0.2 2
sigma      0.131801 0 0.6
y-itercept 1.59837 0 1710
slope      -0.172383 -34.2 0
q-Boundary -0.207697 -0.7125 0.2875
========== 19 9 0.6 3
0 0 -4 6
amplitude  132.614 0 139
mean       0.0751143 -0.2 2
sigma      0.151086 0 0.6
y-itercept 1.32686 0 1390
slope      -0.0834518 -27.8 0
q-Boundary -0.437534 -0.9375 0.0625
========== 19 10 0.6 3
0 0 -4 6
amplitude  89.4592 0 98
mean       0.0639983 -0.2 2
sigma      0.174115 0 0.6
y-itercept 1.39945 0 980
slope      -0.109499 -19.6 0
q-Boundary -0.216926 -1.1125 -0.1125
========== 19 11 0.6 3
0 0 -4 6
amplitude  72.5312 0 80
mean       0.0659409 -0.2 2
sigma      0.169664 0 0.6
y-itercept 2.09905 0 800
slope      -0.298558 -16 0
q-Boundary -0.816521 -1.4875 -0.4875
========== 19 12 0.6 3
0 0 -4 6
amplitude  57.57 0 72
mean       0.0468285 -0.2 2
sigma      0.170326 0 0.6
y-itercept 1.9974 0 720
slope      -0.30392 -14.4 0
q-Boundary -1.02366 -1.5375 -0.5375
========== 19 13 0.6 3
0 0 -4 6
amplitude  95 0 95
mean       0.0285768 -0.2 2
sigma      0.183792 0 0.6
y-itercept 4.0761 0 950
slope      -0.617189 -19 0
q-Boundary -1.1942 -1.725 -0.725
========== 19 14 0.6 3
0 0 -4 6
amplitude  74.5507 0 88
mean       0.0118835 -0.2 2
sigma      0.178962 0 0.6
y-itercept 5.19673 0 880
slope      -0.864867 -17.6 0
q-Boundary -1.42503 -1.925 -0.925
========== 19 15 0.6 3
0 0 -4 6
amplitude  62.3318 0 68
mean       0.0581543 -0.2 2
sigma      0.19205 0 0.6
y-itercept 5.16235 0 680
slope      -0.979546 -13.6 0
q-Boundary -1.64895 -2.175 -1.175
========== 19 16 0.6 3
0 0 -4 6
amplitude  31.4243 0 38
mean       0.0714123 -0.2 2
sigma      0.215226 0 0.6
y-itercept 3.94507 0 380
slope      -0.954986 -7.6 0
q-Boundary -1.75851 -2.275 -1.275

========== 20 0 0.6 3
0 0 -4 6
amplitude  957.838 0 1015
mean       0.0573373 -0.2 2
sigma      0.166261 0 0.6
y-itercept 22.1974 0 10150
slope      -3.16436 -203 0
q-Boundary -1.73759 -2.2375 -1.2375
========== 20 5 0.6 3
0 0 -4 6
amplitude  7.08298 0 20
mean       0.948155 -0.2 2
sigma      0.205486 0 0.6
y-itercept 13.917 0 200
slope      -1.79723 -4 0
q-Boundary 0.0113473 -0.6 0.4
========== 20 6 0.6 3
0 0 -4 6
amplitude  150.026 0 164
mean       0.0640374 -0.2 2
sigma      0.141122 0 0.6
y-itercept 2.2313 0 1640
slope      -0.286411 -32.8 0
q-Boundary -0.300921 -0.8125 0.1875
========== 20 7 0.6 3
0 0 -4 6
amplitude  232.947 0 264
mean       0.0410044 -0.2 2
sigma      0.154683 0 0.6
y-itercept 0.980959 0 2640
slope      -0.014187 -52.8 0
q-Boundary -0.387549 -0.8875 0.1125
========== 20 8 0.6 3
0 0 -4 6
amplitude  149.987 0 167
mean       0.0600026 -0.2 2
sigma      0.161718 0 0.6
y-itercept 3.14579 0 1670
slope      -0.566701 -33.4 0
q-Boundary -0.61254 -1.1125 -0.1125
========== 20 9 0.6 3
0 0 -4 6
amplitude  112.68 0 124
mean       0.0787671 -0.2 2
sigma      0.162697 0 0.6
y-itercept 2.67216 0 1240
slope      -0.48495 -24.8 0
q-Boundary -0.790856 -1.3375 -0.3375
========== 20 10 0.6 3
0 0 -4 6
amplitude  81.1111 0 95
mean       0.0810809 -0.2 2
sigma      0.17403 0 0.6
y-itercept 2.48825 0 950
slope      -0.425883 -19 0
q-Boundary -0.962524 -1.4625 -0.4625
========== 20 11 0.6 3
0 0 -4 6
amplitude  62.58 0 73
mean       0.0592651 -0.2 2
sigma      0.1784 0 0.6
y-itercept 2.93043 0 730
slope      -0.519773 -14.6 0
q-Boundary -1.13753 -1.6375 -0.6375
========== 20 12 0.6 3
0 0 -4 6
amplitude  50.1576 0 60
mean       0.0600296 -0.2 2
sigma      0.187082 0 0.6
y-itercept 2.81803 0 600
slope      -0.530788 -12 0
q-Boundary -1.31253 -1.8125 -0.8125
========== 20 13 0.6 3
0 0 -4 6
amplitude  84.2624 0 94
mean       0.0455585 -0.2 2
sigma      0.176855 0 0.6
y-itercept 6.83001 0 940
slope      -1.34157 -18.8 0
q-Boundary -1.44571 -1.975 -0.975
========== 20 14 0.6 3
0 0 -4 6
amplitude  70.841 0 76
mean       0.0337279 -0.2 2
sigma      0.178256 0 0.6
y-itercept 7.59759 0 760
slope      -1.59659 -15.2 0
q-Boundary -1.60313 -2.125 -1.125
========== 20 15 0.6 3
0 0 -4 6
amplitude  58.6578 0 79
mean       0.0189252 -0.2 2
sigma      0.181044 0 0.6
y-itercept 6.0923 0 790
slope      -1.20743 -15.8 0
q-Boundary -1.74025 -2.275 -1.275
========== 20 16 0.6 3
0 0 -4 6
amplitude  116.563 0 123
mean       0.0794981 -0.2 2
sigma      0.2205 0 0.6
y-itercept 15.6005 0 1230
slope      -3.68189 -24.6 0
q-Boundary -1.87848 -2.4 -1.4

========== 21 0 0.6 3
0 0 -4 6
amplitude  932.053 0 957
mean       0.061457 -0.2 2
sigma      0.176035 0 0.6
y-itercept 18.4897 0 9570
slope      -2.31981 -191.4 0
q-Boundary -1.71261 -2.2125 -1.2125
========== 21 5 0.6 3
0 0 -4 6
amplitude  6.64046 0 17
mean       1.16821 -0.2 2
sigma      0.6 0 0.6
y-itercept 9.9006 0 170
slope      -0.907765 -3.4 0
q-Boundary 0.0361025 -0.6 0.4
========== 21 6 0.6 3
0 0 -4 6
amplitude  155.309 0 174
mean       0.0682881 -0.2 2
sigma      0.157686 0 0.6
y-itercept 1.85628 0 1740
slope      -0.207993 -34.8 0
q-Boundary -0.284195 -0.7875 0.2125
========== 21 7 0.6 3
0 0 -4 6
amplitude  195.663 0 201
mean       0.0405292 -0.2 2
sigma      0.179067 0 0.6
y-itercept 0.947205 0 2010
slope      -2.29122e-09 -40.2 0
q-Boundary -0.365672 -0.9125 0.0875
========== 21 8 0.6 3
0 0 -4 6
amplitude  146.208 0 167
mean       0.0703487 -0.2 2
sigma      0.169521 0 0.6
y-itercept 2.5519 0 1670
slope      -0.401773 -33.4 0
q-Boundary -0.637534 -1.1375 -0.1375
========== 21 9 0.6 3
0 0 -4 6
amplitude  108.863 0 115
mean       0.0793972 -0.2 2
sigma      0.173814 0 0.6
y-itercept 2.21741 0 1150
slope      -0.342682 -23 0
q-Boundary -0.789936 -1.2875 -0.2875
========== 21 10 0.6 3
0 0 -4 6
amplitude  84.0978 0 92
mean       0.0691692 -0.2 2
sigma      0.173103 0 0.6
y-itercept 2.47828 0 920
slope      -0.4038 -18.4 0
q-Boundary -0.984707 -1.4875 -0.4875
========== 21 11 0.6 3
0 0 -4 6
amplitude  67.4977 0 77
mean       0.0616293 -0.2 2
sigma      0.175113 0 0.6
y-itercept 2.45692 0 770
slope      -0.439413 -15.4 0
q-Boundary -1.16252 -1.6625 -0.6625
========== 21 12 0.6 3
0 0 -4 6
amplitude  99.4523 0 113
mean       0.0664498 -0.2 2
sigma      0.183516 0 0.6
y-itercept 4.55674 0 1130
slope      -0.802268 -22.6 0
q-Boundary -1.27502 -1.775 -0.775
========== 21 13 0.6 3
0 0 -4 6
amplitude  84.7614 0 100
mean       0.04428 -0.2 2
sigma      0.18598 0 0.6
y-itercept 5.36653 0 1000
slope      -1.01412 -20 0
q-Boundary -1.47503 -1.975 -0.975
========== 21 14 0.6 3
0 0 -4 6
amplitude  66.8649 0 76
mean       0.0400038 -0.2 2
sigma      0.199631 0 0.6
y-itercept 5.58588 0 760
slope      -1.13237 -15.2 0
q-Boundary -1.62503 -2.125 -1.125
========== 21 15 0.6 3
0 0 -4 6
amplitude  61.3055 0 71
mean       0.0501481 -0.2 2
sigma      0.184876 0 0.6
y-itercept 4.60515 0 710
slope      -0.850083 -14.2 0
q-Boundary -1.75485 -2.275 -1.275
========== 21 16 0.6 3
0 0 -4 6
amplitude  32.8951 0 39
mean       0.0544946 -0.2 2
sigma      0.183289 0 0.6
y-itercept 3.78643 0 390
slope      -0.900031 -7.8 0
q-Boundary -1.87502 -2.375 -1.375

========== 24 0 0.6 3
0 0 -4 6
amplitude  910.969 0 963
mean       0.0648946 -0.2 2
sigma      0.175214 0 0.6
y-itercept 39.3587 0 9630
slope      -7.11784 -192.6 0
q-Boundary -1.77334 -2.3125 -1.3125
========== 24 5 0.6 3
0 0 -4 6
amplitude  6.54387 0 25
mean       1.12489 -0.2 2
sigma      0.594579 0 0.6
y-itercept 16.8319 0 250
slope      -2.71425 -5 0
q-Boundary 0.259474 -0.6 0.4
========== 24 6 0.6 3
0 0 -4 6
amplitude  128.652 0 143
mean       0.0706732 -0.2 2
sigma      0.163717 0 0.6
y-itercept 2.96223 0 1430
slope      -0.394679 -28.6 0
q-Boundary -0.253082 -0.7875 0.2125
========== 24 7 0.6 3
0 0 -4 6
amplitude  225.311 0 235
mean       0.032155 -0.2 2
sigma      0.169749 0 0.6
y-itercept 1.55342 0 2350
slope      -0.118473 -47 0
q-Boundary -0.46254 -0.9625 0.0375
========== 24 8 0.6 3
0 0 -4 6
amplitude  148.648 0 164
mean       0.071997 -0.2 2
sigma      0.172772 0 0.6
y-itercept 4.01886 0 1640
slope      -0.742726 -32.8 0
q-Boundary -0.62596 -1.1625 -0.1625
========== 24 9 0.6 3
0 0 -4 6
amplitude  105.43 0 114
mean       0.0989862 -0.2 2
sigma      0.164453 0 0.6
y-itercept 4.65079 0 1140
slope      -0.918065 -22.8 0
q-Boundary -0.83754 -1.3375 -0.3375
========== 24 10 0.6 3
0 0 -4 6
amplitude  82.2211 0 97
mean       0.0985068 -0.2 2
sigma      0.17355 0 0.6
y-itercept 5.01914 0 970
slope      -1.03727 -19.4 0
q-Boundary -0.987536 -1.4875 -0.4875
========== 24 11 0.6 3
0 0 -4 6
amplitude  63.0488 0 83
mean       0.0804998 -0.2 2
sigma      0.16898 0 0.6
y-itercept 5.97316 0 830
slope      -1.2999 -16.6 0
q-Boundary -1.13754 -1.6375 -0.6375
========== 24 12 0.6 3
0 0 -4 6
amplitude  101.954 0 115
mean       0.0621597 -0.2 2
sigma      0.166418 0 0.6
y-itercept 12.0554 0 1150
slope      -2.5989 -23 0
q-Boundary -1.29766 -1.825 -0.825
========== 24 13 0.6 3
0 0 -4 6
amplitude  71.8955 0 85
mean       0.044507 -0.2 2
sigma      0.18531 0 0.6
y-itercept 11.8303 0 850
slope      -2.63542 -17 0
q-Boundary -1.47505 -1.975 -0.975
========== 24 14 0.6 3
0 0 -4 6
amplitude  55.4782 0 74
mean       0.0295343 -0.2 2
sigma      0.175415 0 0.6
y-itercept 12.6898 0 740
slope      -2.8831 -14.8 0
q-Boundary -1.62505 -2.125 -1.125
========== 24 15 0.6 3
0 0 -4 6
amplitude  26.2228 0 44
mean       0.051491 -0.2 2
sigma      0.170781 0 0.6
y-itercept 6.17085 0 440
slope      -1.38687 -8.8 0
q-Boundary -1.76255 -2.2625 -1.2625
========== 24 16 0.6 3
0 0 -4 6
amplitude  32.1567 0 45
mean       0.0495641 -0.2 2
sigma      0.182362 0 0.6
y-itercept 8.12332 0 450
slope      -1.94341 -9 0
q-Boundary -1.87505 -2.375 -1.375

========== 25 0 0.6 3
0 0 -4 6
amplitude  876.776 0 968
mean       0.065134 -0.2 2
sigma      0.179182 0 0.6
y-itercept 73.7761 0 9680
slope      -15.1054 -193.6 0
q-Boundary -1.79486 -2.3375 -1.3375
========== 25 5 0.6 3
0 0 -4 6
amplitude  22.1203 0 39
mean       0.892745 -0.2 2
sigma      0.304243 0 0.6
y-itercept 20.3006 0 390
slope      -3.13606 -7.8 0
q-Boundary 0.099974 -0.4 0.6
========== 25 6 0.6 3
0 0 -4 6
amplitude  144.376 0 160
mean       0.0672242 -0.2 2
sigma      0.162028 0 0.6
y-itercept 5.20886 0 1600
slope      -0.880273 -32 0
q-Boundary -0.273516 -0.8125 0.1875
========== 25 7 0.6 3
0 0 -4 6
amplitude  212.161 0 237
mean       0.0371467 -0.2 2
sigma      0.184153 0 0.6
y-itercept 3.42591 0 2370
slope      -0.487975 -47.4 0
q-Boundary -0.462538 -0.9625 0.0375
========== 25 8 0.6 3
0 0 -4 6
amplitude  133.187 0 153
mean       0.0659035 -0.2 2
sigma      0.187999 0 0.6
y-itercept 6.34159 0 1530
slope      -1.27602 -30.6 0
q-Boundary -0.623438 -1.1375 -0.1375
========== 25 9 0.6 3
0 0 -4 6
amplitude  99.677 0 120
mean       0.0899004 -0.2 2
sigma      0.176851 0 0.6
y-itercept 8.79378 0 1200
slope      -1.92695 -24 0
q-Boundary -0.812555 -1.3125 -0.3125
========== 25 10 0.6 3
0 0 -4 6
amplitude  76.0616 0 95
mean       0.0884839 -0.2 2
sigma      0.160748 0 0.6
y-itercept 10.1741 0 950
slope      -2.26037 -19 0
q-Boundary -0.982036 -1.4875 -0.4875
========== 25 11 0.6 3
0 0 -4 6
amplitude  55.3771 0 78
mean       0.0715452 -0.2 2
sigma      0.166484 0 0.6
y-itercept 10.5218 0 780
slope      -2.35978 -15.6 0
q-Boundary -1.15684 -1.6625 -0.6625
========== 25 12 0.6 3
0 0 -4 6
amplitude  47.4881 0 65
mean       0.0618529 -0.2 2
sigma      0.156424 0 0.6
y-itercept 11.7483 0 650
slope      -2.73144 -13 0
q-Boundary -1.30371 -1.8125 -0.8125
========== 25 13 0.6 3
0 0 -4 6
amplitude  34.2054 0 72
mean       0.044889 -0.2 2
sigma      0.159356 0 0.6
y-itercept 11.5038 0 720
slope      -2.71427 -14.4 0
q-Boundary -1.46259 -1.9625 -0.9625
========== 25 14 0.6 3
0 0 -4 6
amplitude  24.6956 0 81
mean       0.0416543 -0.2 2
sigma      0.156188 0 0.6
y-itercept 12.2733 0 810
slope      -2.93933 -16.2 0
q-Boundary -1.61261 -2.1125 -1.1125
========== 25 15 0.6 3
0 0 -4 6
amplitude  18.2619 0 91
mean       0.0999377 -0.2 2
sigma      0.153543 0 0.6
y-itercept 12.0783 0 910
slope      -2.89122 -18.2 0
q-Boundary -1.77811 -2.2875 -1.2875
========== 25 16 0.6 3
0 0 -4 6
amplitude  27.418 0 112
mean       0.106306 -0.2 2
sigma      0.168118 0 0.6
y-itercept 16.2345 0 1120
slope      -4.1314 -22.4 0
q-Boundary -1.86669 -2.375 -1.375

========== 26 0 0.6 3
0 0 -4 6
amplitude  885.325 0 887
mean       0.0731953 -0.2 2
sigma      0.188166 0 0.6
y-itercept 13.5057 0 8870
slope      -1.21979 -177.4 0
q-Boundary -1.68761 -2.1875 -1.1875
========== 26 5 0.6 3
0 0 -4 6
amplitude  26.8799 0 36
mean       0.277701 -0.2 2
sigma      0.0299091 0 0.6
y-itercept 16.4819 0 360
slope      -2.79794 -7.2 0
q-Boundary 0.0915504 -0.6 0.4
========== 26 6 0.6 3
0 0 -4 6
amplitude  165.098 0 182
mean       0.0743765 -0.2 2
sigma      0.160677 0 0.6
y-itercept 1.68513 0 1820
slope      -0.17885 -36.4 0
q-Boundary -0.282788 -0.7875 0.2125
========== 26 7 0.6 3
0 0 -4 6
amplitude  206.469 0 208
mean       0.0500257 -0.2 2
sigma      0.177733 0 0.6
y-itercept 1.25037 0 2080
slope      -0.0700796 -41.6 0
q-Boundary -0.345697 -0.9125 0.0875
========== 26 8 0.6 3
0 0 -4 6
amplitude  130.992 0 140
mean       0.0757697 -0.2 2
sigma      0.186476 0 0.6
y-itercept 1.94098 0 1400
slope      -0.305659 -28 0
q-Boundary -0.562532 -1.0625 -0.0625
========== 26 9 0.6 3
0 0 -4 6
amplitude  92.6559 0 104
mean       0.0995939 -0.2 2
sigma      0.205057 0 0.6
y-itercept 1.28215 0 1040
slope      -0.134824 -20.8 0
q-Boundary -0.764833 -1.2625 -0.2625
========== 26 10 0.6 3
0 0 -4 6
amplitude  70.573 0 83
mean       0.0990091 -0.2 2
sigma      0.198405 0 0.6
y-itercept 1.9575 0 830
slope      -0.31783 -16.6 0
q-Boundary -0.937542 -1.4375 -0.4375
========== 26 11 0.6 3
0 0 -4 6
amplitude  57.4779 0 68
mean       0.0869389 -0.2 2
sigma      0.202844 0 0.6
y-itercept 1.81354 0 680
slope      -0.27153 -13.6 0
q-Boundary -1.07873 -1.5875 -0.5875
========== 26 12 0.6 3
0 0 -4 6
amplitude  48.0609 0 57
mean       0.0854139 -0.2 2
sigma      0.205921 0 0.6
y-itercept 1.47503 0 570
slope      -0.180718 -11.4 0
q-Boundary -1.28752 -1.7875 -0.7875
========== 26 13 0.6 3
0 0 -4 6
amplitude  38.3332 0 44
mean       0.04542 -0.2 2
sigma      0.197112 0 0.6
y-itercept 1.53516 0 440
slope      -0.224115 -8.8 0
q-Boundary -1.46251 -1.9625 -0.9625
========== 26 14 0.6 3
0 0 -4 6
amplitude  116.07 0 127
mean       0.0366817 -0.2 2
sigma      0.19357 0 0.6
y-itercept 8.75618 0 1270
slope      -1.58882 -25.4 0
q-Boundary -1.62999 -2.15 -1.15
========== 26 15 0.6 3
0 0 -4 6
amplitude  28.3374 0 35
mean       0.0581231 -0.2 2
sigma      0.19762 0 0.6
y-itercept 1.65925 0 350
slope      -0.263919 -7 0
q-Boundary -1.73752 -2.2375 -1.2375
========== 26 16 0.6 3
0 0 -4 6
amplitude  77.0585 0 82
mean       0.0961633 -0.2 2
sigma      0.20516 0 0.6
y-itercept 5.19563 0 820
slope      -1.14687 -16.4 0
q-Boundary -1.93619 -2.45 -1.45

========== 27 0 0.6 3
0 0 -4 6
amplitude  784.85 0 873
mean       0.0672019 -0.2 2
sigma      0.202026 0 0.6
y-itercept 85.7378 0 8730
slope      -17.794 -174.6 0
q-Boundary -1.73849 -2.3375 -1.3375
========== 27 5 0.6 3
0 0 -4 6
amplitude  26.0363 0 48
mean       0.961106 -0.2 2
sigma      0.392353 0 0.6
y-itercept 20.5922 0 480
slope      -3.14387 -9.6 0
q-Boundary 0.0112821 -0.6 0.4
========== 27 6 0.6 3
0 0 -4 6
amplitude  124.107 0 137
mean       0.0716802 -0.2 2
sigma      0.198895 0 0.6
y-itercept 5.79251 0 1370
slope      -1.00558 -27.4 0
q-Boundary -0.277942 -0.8125 0.1875
========== 27 7 0.6 3
0 0 -4 6
amplitude  189.412 0 206
mean       0.0346705 -0.2 2
sigma      0.209471 0 0.6
y-itercept 4.22308 0 2060
slope      -0.611933 -41.2 0
q-Boundary -0.371606 -0.9625 0.0375
========== 27 8 0.6 3
0 0 -4 6
amplitude  120.724 0 140
mean       0.058343 -0.2 2
sigma      0.23435 0 0.6
y-itercept 4.99816 0 1400
slope      -0.928371 -28 0
q-Boundary -0.628327 -1.1375 -0.1375
========== 27 9 0.6 3
0 0 -4 6
amplitude  83.3565 0 103
mean       0.0882679 -0.2 2
sigma      0.212773 0 0.6
y-itercept 9.33591 0 1030
slope      -2.02862 -20.6 0
q-Boundary -0.812544 -1.3125 -0.3125
========== 27 10 0.6 3
0 0 -4 6
amplitude  63.9692 0 85
mean       0.0740815 -0.2 2
sigma      0.186216 0 0.6
y-itercept 12.1165 0 850
slope      -2.75307 -17 0
q-Boundary -0.974244 -1.4875 -0.4875
========== 27 11 0.6 3
0 0 -4 6
amplitude  52.3704 0 81
mean       0.0811924 -0.2 2
sigma      0.178082 0 0.6
y-itercept 13.2823 0 810
slope      -3.05794 -16.2 0
q-Boundary -1.15024 -1.6375 -0.6375
========== 27 12 0.6 3
0 0 -4 6
amplitude  39.7334 0 74
mean       0.0798381 -0.2 2
sigma      0.168537 0 0.6
y-itercept 14.0809 0 740
slope      -3.23966 -14.8 0
q-Boundary -1.30484 -1.8125 -0.8125
========== 27 13 0.6 3
0 0 -4 6
amplitude  33.0847 0 80
mean       0.0709978 -0.2 2
sigma      0.16484 0 0.6
y-itercept 13.0133 0 800
slope      -3.10102 -16 0
q-Boundary -1.46259 -1.9625 -0.9625
========== 27 14 0.6 3
0 0 -4 6
amplitude  22.1541 0 106
mean       0.055617 -0.2 2
sigma      0.148515 0 0.6
y-itercept 13.8813 0 1060
slope      -3.3644 -21.2 0
q-Boundary -1.6375 -2.1375 -1.1375
========== 27 15 0.6 3
0 0 -4 6
amplitude  15.818 0 99
mean       0.069401 -0.2 2
sigma      0.156035 0 0.6
y-itercept 13.6521 0 990
slope      -3.24494 -19.8 0
q-Boundary -1.75198 -2.2625 -1.2625
========== 27 16 0.6 3
0 0 -4 6
amplitude  12.9689 0 47
mean       0.108205 -0.2 2
sigma      0.142457 0 0.6
y-itercept 8.74803 0 470
slope      -2.19956 -9.4 0
q-Boundary -1.8572 -2.4125 -1.4125
