
========== 1 0 0.6 3
0 0 -4 6
amplitude  160.156 0 274
mean       0.085268 -0.2 2
sigma      0.338809 0 0.6
y-itercept 84.8755 0 2740
slope      -19.2173 -54.8 0
q-Boundary -2.4502 -3.45 -2.45
========== 1 20 0.6 3
0 0 -4 6
amplitude  35.5584 0 54
mean       -0.2 -0.2 2
sigma      0.400775 0 0.6
y-itercept 11.704 0 540
slope      -2.93115 -10.8 0
q-Boundary -1.30002 -1.8 -0.8
========== 1 21 0.6 3
0 0 -4 6
amplitude  52.2977 0 102
mean       -0.119407 -0.2 2
sigma      0.314847 0 0.6
y-itercept 36.7298 0 1020
slope      -8.21889 -20.4 0
q-Boundary -1.67036 -2.2 -1.2
========== 1 22 0.6 3
0 0 -4 6
amplitude  65.646 0 108
mean       0.0188214 -0.2 2
sigma      0.223509 0 0.6
y-itercept 38.0505 0 1080
slope      -8.17391 -21.6 0
q-Boundary -2.07208 -2.6 -1.6
========== 1 23 0.6 3
0 0 -4 6
amplitude  47.765 0 89
mean       0.128963 -0.2 2
sigma      0.218412 0 0.6
y-itercept 43.6997 0 890
slope      -10.2796 -17.8 0
q-Boundary -2.45818 -3 -2
========== 1 24 0.6 3
0 0 -4 6
amplitude  92.7811 0 128
mean       0.152284 -0.2 2
sigma      0.298561 0 0.6
y-itercept 35.6223 0 1280
slope      -8.42595 -25.6 0
q-Boundary -2.66053 -3.2 -2.2
========== 1 25 0.6 3
0 0 -4 6
amplitude  65.4131 0 95
mean       0.294762 -0.2 2
sigma      0.15096 0 0.6
y-itercept 32.3419 0 950
slope      -8.15067 -19 0
q-Boundary -2.86047 -3.4 -2.4

========== 2 0 0.6 3
0 0 -4 6
amplitude  173.388 0 262
mean       0.0712294 -0.2 2
sigma      0.34474 0 0.6
y-itercept 81.3003 0 2620
slope      -18.3115 -52.4 0
q-Boundary -2.45159 -3.45 -2.45
========== 2 20 0.6 3
0 0 -4 6
amplitude  31.3281 0 55
mean       -0.2 -0.2 2
sigma      0.436679 0 0.6
y-itercept 14.7119 0 550
slope      -3.6818 -11 0
q-Boundary -1.4697 -2 -1
========== 2 21 0.6 3
0 0 -4 6
amplitude  59.0764 0 100
mean       -0.0680807 -0.2 2
sigma      0.245556 0 0.6
y-itercept 37.4767 0 1000
slope      -8.25273 -20 0
q-Boundary -1.67148 -2.2 -1.2
========== 2 22 0.6 3
0 0 -4 6
amplitude  73.9119 0 110
mean       0.034272 -0.2 2
sigma      0.244654 0 0.6
y-itercept 38.6325 0 1100
slope      -8.47419 -22 0
q-Boundary -1.97259 -2.6 -1.6
========== 2 23 0.6 3
0 0 -4 6
amplitude  56.1423 0 96
mean       0.138922 -0.2 2
sigma      0.228018 0 0.6
y-itercept 42.0476 0 960
slope      -9.83386 -19.2 0
q-Boundary -2.30004 -2.8 -1.8
========== 2 24 0.6 3
0 0 -4 6
amplitude  105.15 0 145
mean       0.218178 -0.2 2
sigma      0.269929 0 0.6
y-itercept 33.8024 0 1450
slope      -8.04694 -29 0
q-Boundary -2.66877 -3.2 -2.2
========== 2 25 0.6 3
0 0 -4 6
amplitude  59.534 0 84
mean       0.235838 -0.2 2
sigma      0.181549 0 0.6
y-itercept 30.1114 0 840
slope      -7.66141 -16.8 0
q-Boundary -2.86365 -3.4 -2.4

========== 3 0 0.6 3
0 0 -4 6
amplitude  132.783 0 238
mean       -0.151148 -0.2 2
sigma      0.6 0 0.6
y-itercept 65.1388 0 2380
slope      -14.7531 -47.6 0
q-Boundary -2.56926 -3.45 -2.45
========== 3 20 0.6 3
0 0 -4 6
amplitude  24.5537 0 50
mean       -0.2 -0.2 2
sigma      0.566192 0 0.6
y-itercept 8.09335 0 500
slope      -2.10118 -10 0
q-Boundary -1.47151 -2 -1
========== 3 21 0.6 3
0 0 -4 6
amplitude  57.2565 0 91
mean       -0.187555 -0.2 2
sigma      0.249363 0 0.6
y-itercept 35.7101 0 910
slope      -7.96565 -18.2 0
q-Boundary -1.67571 -2.2 -1.2
========== 3 22 0.6 3
0 0 -4 6
amplitude  58.8295 0 103
mean       0.0117874 -0.2 2
sigma      0.24411 0 0.6
y-itercept 41.0869 0 1030
slope      -9.14329 -20.6 0
q-Boundary -2.07079 -2.6 -1.6
========== 3 23 0.6 3
0 0 -4 6
amplitude  50.7228 0 94
mean       0.0189975 -0.2 2
sigma      0.229562 0 0.6
y-itercept 42.093 0 940
slope      -9.84274 -18.8 0
q-Boundary -2.23472 -3 -2
========== 3 24 0.6 3
0 0 -4 6
amplitude  89.1131 0 116
mean       0.122699 -0.2 2
sigma      0.277388 0 0.6
y-itercept 36.8775 0 1160
slope      -8.84455 -23.2 0
q-Boundary -2.66566 -3.2 -2.2
========== 3 25 0.6 3
0 0 -4 6
amplitude  46.0859 0 75
mean       0.147412 -0.2 2
sigma      0.168929 0 0.6
y-itercept 27.0444 0 750
slope      -7.01589 -15 0
q-Boundary -2.90005 -3.4 -2.4

========== 12 0 0.6 3
0 0 -4 6
amplitude  1299.77 0 1375
mean       0.125562 -0.2 2
sigma      0.184134 0 0.6
y-itercept 68.0841 0 13750
slope      -11.3356 -275 0
q-Boundary -2.39805 -2.9875 -1.9875
========== 12 5 0.6 3
0 0 -4 6
amplitude  118.185 0 136
mean       0.128899 -0.2 2
sigma      0.158145 0 0.6
y-itercept 4.52198 0 1360
slope      -0.787862 -27.2 0
q-Boundary -0.231733 -0.8625 0.1375
========== 12 6 0.6 3
0 0 -4 6
amplitude  325.879 0 335
mean       0.0746766 -0.2 2
sigma      0.179482 0 0.6
y-itercept 4.79698 0 3350
slope      -0.631741 -67 0
q-Boundary -0.507533 -0.9875 0.0125
========== 12 7 0.6 3
0 0 -4 6
amplitude  223.991 0 242
mean       0.13333 -0.2 2
sigma      0.178797 0 0.6
y-itercept 6.27769 0 2420
slope      -1.02948 -48.4 0
q-Boundary -0.787701 -1.2875 -0.2875
========== 12 8 0.6 3
0 0 -4 6
amplitude  170.362 0 189
mean       0.154215 -0.2 2
sigma      0.173242 0 0.6
y-itercept 9.59527 0 1890
slope      -1.95841 -37.8 0
q-Boundary -1.00605 -1.5125 -0.5125
========== 12 9 0.6 3
0 0 -4 6
amplitude  130.328 0 144
mean       0.167292 -0.2 2
sigma      0.177045 0 0.6
y-itercept 8.58649 0 1440
slope      -1.67306 -28.8 0
q-Boundary -1.18756 -1.6875 -0.6875
========== 12 10 0.6 3
0 0 -4 6
amplitude  100.93 0 115
mean       0.15208 -0.2 2
sigma      0.177267 0 0.6
y-itercept 9.20692 0 1150
slope      -1.83923 -23 0
q-Boundary -1.38756 -1.8875 -0.8875
========== 12 11 0.6 3
0 0 -4 6
amplitude  144.714 0 177
mean       0.132265 -0.2 2
sigma      0.184065 0 0.6
y-itercept 20.8186 0 1770
slope      -4.26675 -35.4 0
q-Boundary -1.57508 -2.075 -1.075
========== 12 12 0.6 3
0 0 -4 6
amplitude  60.4046 0 82
mean       0.12839 -0.2 2
sigma      0.174811 0 0.6
y-itercept 9.94892 0 820
slope      -2.11966 -16.4 0
q-Boundary -1.78772 -2.2875 -1.2875
========== 12 13 0.6 3
0 0 -4 6
amplitude  81.4884 0 102
mean       0.0965864 -0.2 2
sigma      0.174959 0 0.6
y-itercept 19.8867 0 1020
slope      -4.04882 -20.4 0
q-Boundary -1.9751 -2.475 -1.475
========== 12 14 0.6 3
0 0 -4 6
amplitude  47.5989 0 117
mean       0.149179 -0.2 2
sigma      0.209499 0 0.6
y-itercept 21.3723 0 1170
slope      -4.37128 -23.4 0
q-Boundary -2.15782 -2.675 -1.675
========== 12 15 0.6 3
0 0 -4 6
amplitude  19.5519 0 79
mean       0.145391 -0.2 2
sigma      0.158539 0 0.6
y-itercept 10.2807 0 790
slope      -2.27307 -15.8 0
q-Boundary -2.35508 -2.8625 -1.8625
========== 12 16 0.6 3
0 0 -2 6
amplitude  19.9382 0 106
mean       0.174775 -0.5 0.5
sigma      0.212606 0 0.6
y-itercept 9.16424 0 1060
slope      -2.25559 -21.2 0
q-Boundary -2.525 -3.025 -2.025

========== 13 0 0.6 3
0 0 -4 6
amplitude  1398.05 0 1478
mean       0.128924 -0.2 2
sigma      0.179233 0 0.6
y-itercept 52.6393 0 14780
slope      -7.85646 -295.6 0
q-Boundary -2.37445 -2.9625 -1.9625
========== 13 5 0.6 3
0 0 -4 6
amplitude  165.191 0 176
mean       0.110899 -0.2 2
sigma      0.152899 0 0.6
y-itercept 3.40608 0 1760
slope      -0.44815 -35.2 0
q-Boundary -0.325405 -0.8375 0.1625
========== 13 6 0.6 3
0 0 -4 6
amplitude  338.082 0 358
mean       0.0824153 -0.2 2
sigma      0.173984 0 0.6
y-itercept 2.65194 0 3580
slope      -0.181563 -71.6 0
q-Boundary -0.633117 -1.0375 -0.0375
========== 13 7 0.6 3
0 0 -4 6
amplitude  228.652 0 252
mean       0.14194 -0.2 2
sigma      0.172975 0 0.6
y-itercept 5.65782 0 2520
slope      -0.962281 -50.4 0
q-Boundary -0.787785 -1.2875 -0.2875
========== 13 8 0.6 3
0 0 -4 6
amplitude  176.397 0 184
mean       0.152358 -0.2 2
sigma      0.171529 0 0.6
y-itercept 6.57756 0 1840
slope      -1.21669 -36.8 0
q-Boundary -0.979249 -1.4875 -0.4875
========== 13 9 0.6 3
0 0 -4 6
amplitude  142.897 0 153
mean       0.166991 -0.2 2
sigma      0.168025 0 0.6
y-itercept 5.92466 0 1530
slope      -1.02965 -30.6 0
q-Boundary -1.18754 -1.6875 -0.6875
========== 13 10 0.6 3
0 0 -4 6
amplitude  108.437 0 124
mean       0.154357 -0.2 2
sigma      0.174333 0 0.6
y-itercept 6.74944 0 1240
slope      -1.21889 -24.8 0
q-Boundary -1.38101 -1.8875 -0.8875
========== 13 11 0.6 3
0 0 -4 6
amplitude  78.6479 0 100
mean       0.150344 -0.2 2
sigma      0.172577 0 0.6
y-itercept 8.27732 0 1000
slope      -1.62728 -20 0
q-Boundary -1.58315 -2.0875 -1.0875
========== 13 12 0.6 3
0 0 -4 6
amplitude  62.8045 0 85
mean       0.135154 -0.2 2
sigma      0.179837 0 0.6
y-itercept 7.49462 0 850
slope      -1.46316 -17 0
q-Boundary -1.78417 -2.2875 -1.2875
========== 13 13 0.6 3
0 0 -4 6
amplitude  91.1279 0 116
mean       0.11359 -0.2 2
sigma      0.19644 0 0.6
y-itercept 14.266 0 1160
slope      -2.66705 -23.2 0
q-Boundary -1.96382 -2.475 -1.475
========== 13 14 0.6 3
0 0 -4 6
amplitude  108.164 0 163
mean       0.152466 -0.2 2
sigma      0.20566 0 0.6
y-itercept 32.2634 0 1630
slope      -6.18871 -32.6 0
q-Boundary -2.16267 -2.65 -1.65
========== 13 15 0.6 3
0 0 -4 6
amplitude  44.3951 0 101
mean       0.175048 -0.2 2
sigma      0.187073 0 0.6
y-itercept 16.8571 0 1010
slope      -3.66004 -20.2 0
q-Boundary -2.36557 -2.875 -1.875
========== 13 16 0.6 3
0 0 -4 6
amplitude  37.5497 0 135
mean       0.199721 -0.2 2
sigma      0.21205 0 0.6
y-itercept 22.9102 0 1350
slope      -5.88877 -27 0
q-Boundary -2.5084 -3.05 -2.05

========== 14 0 0.6 3
0 0 -4 6
amplitude  1430.7 0 1486
mean       0.143158 -0.2 2
sigma      0.171129 0 0.6
y-itercept 40.5584 0 14860
slope      -5.25996 -297.2 0
q-Boundary -2.25043 -2.9375 -1.9375
========== 14 5 0.6 3
0 0 -4 6
amplitude  149.553 0 166
mean       0.138385 -0.2 2
sigma      0.13635 0 0.6
y-itercept 3.24999 0 1660
slope      -0.47154 -33.2 0
q-Boundary -0.233141 -0.8375 0.1625
========== 14 6 0.6 3
0 0 -4 6
amplitude  365.42 0 376
mean       0.11183 -0.2 2
sigma      0.151536 0 0.6
y-itercept 3.20494 0 3760
slope      -0.387661 -75.2 0
q-Boundary -0.537562 -1.0375 -0.0375
========== 14 7 0.6 3
0 0 -4 6
amplitude  258.85 0 268
mean       0.145489 -0.2 2
sigma      0.156982 0 0.6
y-itercept 4.06745 0 2680
slope      -0.584079 -53.6 0
q-Boundary -0.712536 -1.2125 -0.2125
========== 14 8 0.6 3
0 0 -4 6
amplitude  178.754 0 196
mean       0.163572 -0.2 2
sigma      0.173831 0 0.6
y-itercept 5.40174 0 1960
slope      -0.909218 -39.2 0
q-Boundary -0.953891 -1.4875 -0.4875
========== 14 9 0.6 3
0 0 -4 6
amplitude  127.218 0 137
mean       0.170873 -0.2 2
sigma      0.182356 0 0.6
y-itercept 4.6715 0 1370
slope      -0.737033 -27.4 0
q-Boundary -1.18754 -1.6875 -0.6875
========== 14 10 0.6 3
0 0 -4 6
amplitude  106.153 0 113
mean       0.168397 -0.2 2
sigma      0.18268 0 0.6
y-itercept 4.85529 0 1130
slope      -0.772011 -22.6 0
q-Boundary -1.37435 -1.8875 -0.8875
========== 14 11 0.6 3
0 0 -4 6
amplitude  76.9945 0 95
mean       0.155448 -0.2 2
sigma      0.196228 0 0.6
y-itercept 5.64244 0 950
slope      -0.984085 -19 0
q-Boundary -1.58762 -2.0875 -1.0875
========== 14 12 0.6 3
0 0 -4 6
amplitude  120.497 0 144
mean       0.139854 -0.2 2
sigma      0.191781 0 0.6
y-itercept 11.5382 0 1440
slope      -2.0795 -28.8 0
q-Boundary -1.75372 -2.275 -1.275
========== 14 13 0.6 3
0 0 -4 6
amplitude  94.0641 0 114
mean       0.137635 -0.2 2
sigma      0.203237 0 0.6
y-itercept 10.2784 0 1140
slope      -1.80295 -22.8 0
q-Boundary -1.97503 -2.475 -1.475
========== 14 14 0.6 3
0 0 -4 6
amplitude  257.699 0 280
mean       0.1716 -0.2 2
sigma      0.216842 0 0.6
y-itercept 45.558 0 2800
slope      -7.8977 -56 0
q-Boundary -2.10007 -2.6 -1.6
========== 14 15 0.6 3
0 0 -4 6
amplitude  104.02 0 129
mean       0.195907 -0.2 2
sigma      0.198736 0 0.6
y-itercept 21.4312 0 1290
slope      -4.15609 -25.8 0
q-Boundary -2.35004 -2.85 -1.85
========== 14 16 0.6 3
0 0 -4 6
amplitude  40.1642 0 67
mean       0.19551 -0.2 2
sigma      0.182057 0 0.6
y-itercept 16.5036 0 670
slope      -4.20906 -13.4 0
q-Boundary -2.51193 -3.05 -2.05

========== 15 0 0.6 3
0 0 -4 6
amplitude  1302.11 0 1367
mean       0.13651 -0.2 2
sigma      0.19178 0 0.6
y-itercept 41.633 0 13670
slope      -5.57849 -273.4 0
q-Boundary -2.37633 -2.9625 -1.9625
========== 15 5 0.6 3
0 0 -4 6
amplitude  122.558 0 138
mean       0.136832 -0.2 2
sigma      0.176172 0 0.6
y-itercept 2.97399 0 1380
slope      -0.401506 -27.6 0
q-Boundary -0.337528 -0.8375 0.1625
========== 15 6 0.6 3
0 0 -4 6
amplitude  316.102 0 343
mean       0.0861903 -0.2 2
sigma      0.190723 0 0.6
y-itercept 2.65142 0 3430
slope      -0.184332 -68.6 0
q-Boundary -0.487558 -0.9875 0.0125
========== 15 7 0.6 3
0 0 -4 6
amplitude  227.924 0 235
mean       0.134674 -0.2 2
sigma      0.179056 0 0.6
y-itercept 4.26465 0 2350
slope      -0.637941 -47 0
q-Boundary -0.766362 -1.2625 -0.2625
========== 15 8 0.6 3
0 0 -4 6
amplitude  160.711 0 185
mean       0.154975 -0.2 2
sigma      0.181493 0 0.6
y-itercept 5.58046 0 1850
slope      -0.977127 -37 0
q-Boundary -0.937549 -1.4375 -0.4375
========== 15 9 0.6 3
0 0 -4 6
amplitude  135.02 0 162
mean       0.175539 -0.2 2
sigma      0.180966 0 0.6
y-itercept 4.96801 0 1620
slope      -0.848766 -32.4 0
q-Boundary -1.18756 -1.6875 -0.6875
========== 15 10 0.6 3
0 0 -4 6
amplitude  103.731 0 117
mean       0.166171 -0.2 2
sigma      0.186882 0 0.6
y-itercept 5.07717 0 1170
slope      -0.821873 -23.4 0
q-Boundary -1.38753 -1.8875 -0.8875
========== 15 11 0.6 3
0 0 -4 6
amplitude  77.7263 0 90
mean       0.160266 -0.2 2
sigma      0.181989 0 0.6
y-itercept 6.01608 0 900
slope      -1.09326 -18 0
q-Boundary -1.58753 -2.0875 -1.0875
========== 15 12 0.6 3
0 0 -4 6
amplitude  58.5902 0 76
mean       0.13589 -0.2 2
sigma      0.194243 0 0.6
y-itercept 6.07029 0 760
slope      -1.12628 -15.2 0
q-Boundary -1.7834 -2.2875 -1.2875
========== 15 13 0.6 3
0 0 -4 6
amplitude  79.3516 0 94
mean       0.139068 -0.2 2
sigma      0.207127 0 0.6
y-itercept 11.8845 0 940
slope      -2.12967 -18.8 0
q-Boundary -1.97504 -2.475 -1.475
========== 15 14 0.6 3
0 0 -4 6
amplitude  131.248 0 157
mean       0.152016 -0.2 2
sigma      0.202973 0 0.6
y-itercept 25.5061 0 1570
slope      -4.75138 -31.4 0
q-Boundary -2.15005 -2.65 -1.65
========== 15 15 0.6 3
0 0 -4 6
amplitude  98.8021 0 124
mean       0.210553 -0.2 2
sigma      0.193836 0 0.6
y-itercept 25.1088 0 1240
slope      -5.08034 -24.8 0
q-Boundary -2.29149 -2.85 -1.85
========== 15 16 0.6 3
0 0 -4 6
amplitude  36.7794 0 102
mean       0.215525 -0.2 2
sigma      0.177171 0 0.6
y-itercept 17.9174 0 1020
slope      -4.68783 -20.4 0
q-Boundary -2.49757 -3.05 -2.05

========== 16 0 0.6 3
0 0 -4 6
amplitude  1582.49 0 1616
mean       0.140639 -0.2 2
sigma      0.142967 0 0.6
y-itercept 39.7331 0 16160
slope      -4.75802 -323.2 0
q-Boundary -2.38767 -2.8875 -1.8875
========== 16 5 0.6 3
0 0 -4 6
amplitude  114.69 0 126
mean       0.179661 -0.2 2
sigma      0.0755798 0 0.6
y-itercept 3.78156 0 1260
slope      -0.658443 -25.2 0
q-Boundary 0.0730869 -0.4375 0.5625
========== 16 6 0.6 3
0 0 -4 6
amplitude  455.763 0 504
mean       0.11588 -0.2 2
sigma      0.106604 0 0.6
y-itercept 4.16937 0 5040
slope      -0.578977 -100.8 0
q-Boundary -0.127105 -0.6375 0.3625
========== 16 7 0.6 3
0 0 -4 6
amplitude  305.248 0 311
mean       0.137176 -0.2 2
sigma      0.136786 0 0.6
y-itercept 3.0413 0 3110
slope      -0.294289 -62.2 0
q-Boundary -0.337534 -0.8375 0.1625
========== 16 8 0.6 3
0 0 -4 6
amplitude  219.685 0 246
mean       0.154035 -0.2 2
sigma      0.144345 0 0.6
y-itercept 4.84602 0 2460
slope      -0.751661 -49.2 0
q-Boundary -0.662547 -1.1625 -0.1625
========== 16 9 0.6 3
0 0 -4 6
amplitude  166.005 0 193
mean       0.162067 -0.2 2
sigma      0.149305 0 0.6
y-itercept 4.31537 0 1930
slope      -0.663753 -38.6 0
q-Boundary -0.89364 -1.3875 -0.3875
========== 16 10 0.6 3
0 0 -4 6
amplitude  122.853 0 125
mean       0.145283 -0.2 2
sigma      0.161826 0 0.6
y-itercept 4.57911 0 1250
slope      -0.64784 -25 0
q-Boundary -1.18745 -1.6875 -0.6875
========== 16 11 0.6 3
0 0 -4 6
amplitude  82.7665 0 100
mean       0.140829 -0.2 2
sigma      0.173016 0 0.6
y-itercept 5.69588 0 1000
slope      -0.979393 -20 0
q-Boundary -1.38756 -1.8875 -0.8875
========== 16 12 0.6 3
0 0 -4 6
amplitude  65.5356 0 81
mean       0.12134 -0.2 2
sigma      0.187023 0 0.6
y-itercept 5.40133 0 810
slope      -0.92664 -16.2 0
q-Boundary -1.63753 -2.1375 -1.1375
========== 16 13 0.6 3
0 0 -4 6
amplitude  96.0114 0 113
mean       0.118849 -0.2 2
sigma      0.190839 0 0.6
y-itercept 12.2041 0 1130
slope      -2.07082 -22.6 0
q-Boundary -1.79644 -2.375 -1.375
========== 16 14 0.6 3
0 0 -4 6
amplitude  139.778 0 159
mean       0.142174 -0.2 2
sigma      0.206157 0 0.6
y-itercept 25.4052 0 1590
slope      -4.25537 -31.8 0
q-Boundary -2.10094 -2.55 -1.55
========== 16 15 0.6 3
0 0 -4 6
amplitude  79.8587 0 100
mean       0.162042 -0.2 2
sigma      0.2286 0 0.6
y-itercept 25.6859 0 1000
slope      -5.59125 -20 0
q-Boundary -2.35 -2.85 -1.85
========== 16 16 0.6 3
0 0 -4 6
amplitude  26.4951 0 105
mean       0.186618 -0.2 2
sigma      0.17446 0 0.6
y-itercept 20.1614 0 1050
slope      -5.28797 -21 0
q-Boundary -2.49424 -3.05 -2.05

========== 17 0 0.6 3
0 0 -4 6
amplitude  1515.88 0 1596
mean       0.126767 -0.2 2
sigma      0.145961 0 0.6
y-itercept 38.3108 0 15960
slope      -4.42152 -319.2 0
q-Boundary -2.36358 -2.9125 -1.9125
========== 17 5 0.6 3
0 0 -4 6
amplitude  101.806 0 109
mean       0.177667 -0.2 2
sigma      0.0737356 0 0.6
y-itercept 4.09513 0 1090
slope      -0.700231 -21.8 0
q-Boundary 0.0988675 -0.4125 0.5875
========== 17 6 0.6 3
0 0 -4 6
amplitude  437.309 0 459
mean       0.108401 -0.2 2
sigma      0.103834 0 0.6
y-itercept 4.76764 0 4590
slope      -0.70683 -91.8 0
q-Boundary -0.132361 -0.6375 0.3625
========== 17 7 0.6 3
0 0 -4 6
amplitude  287.531 0 291
mean       0.121145 -0.2 2
sigma      0.142218 0 0.6
y-itercept 3.08205 0 2910
slope      -0.304915 -58.2 0
q-Boundary -0.387533 -0.8875 0.1125
========== 17 8 0.6 3
0 0 -4 6
amplitude  203.56 0 219
mean       0.143753 -0.2 2
sigma      0.152111 0 0.6
y-itercept 4.26993 0 2190
slope      -0.638576 -43.8 0
q-Boundary -0.640887 -1.1375 -0.1375
========== 17 9 0.6 3
0 0 -4 6
amplitude  164.958 0 174
mean       0.14076 -0.2 2
sigma      0.153843 0 0.6
y-itercept 3.49621 0 1740
slope      -0.4079 -34.8 0
q-Boundary -0.962556 -1.4625 -0.4625
========== 17 10 0.6 3
0 0 -4 6
amplitude  119.54 0 126
mean       0.128604 -0.2 2
sigma      0.167942 0 0.6
y-itercept 4.22518 0 1260
slope      -0.595923 -25.2 0
q-Boundary -1.13754 -1.6375 -0.6375
========== 17 11 0.6 3
0 0 -4 6
amplitude  89.3705 0 111
mean       0.111805 -0.2 2
sigma      0.172721 0 0.6
y-itercept 5.70072 0 1110
slope      -0.969528 -22.2 0
q-Boundary -1.34067 -1.9375 -0.9375
========== 17 12 0.6 3
0 0 -4 6
amplitude  61.6771 0 75
mean       0.10798 -0.2 2
sigma      0.191744 0 0.6
y-itercept 5.49294 0 750
slope      -0.979037 -15 0
q-Boundary -1.65014 -2.1625 -1.1625
========== 17 13 0.6 3
0 0 -4 6
amplitude  100.049 0 120
mean       0.118965 -0.2 2
sigma      0.192729 0 0.6
y-itercept 10.6104 0 1200
slope      -1.68062 -24 0
q-Boundary -1.85046 -2.375 -1.375
========== 17 14 0.6 3
0 0 -4 6
amplitude  132.078 0 162
mean       0.119674 -0.2 2
sigma      0.209905 0 0.6
y-itercept 25.1052 0 1620
slope      -4.2194 -32.4 0
q-Boundary -2.10712 -2.55 -1.55
========== 17 15 0.6 3
0 0 -4 6
amplitude  87.8996 0 111
mean       0.152581 -0.2 2
sigma      0.229233 0 0.6
y-itercept 22.634 0 1110
slope      -4.86289 -22.2 0
q-Boundary -2.31662 -2.85 -1.85
========== 17 16 0.6 3
0 0 -4 6
amplitude  55.048 0 162
mean       0.160568 -0.2 2
sigma      0.192994 0 0.6
y-itercept 36.2502 0 1620
slope      -9.50628 -32.4 0
q-Boundary -2.50008 -3 -2

========== 18 0 0.6 3
0 0 -4 6
amplitude  1492.13 0 1562
mean       0.12411 -0.2 2
sigma      0.148346 0 0.6
y-itercept 38.3126 0 15620
slope      -4.1628 -312.4 0
q-Boundary -2.37678 -2.8875 -1.8875
========== 18 5 0.6 3
0 0 -4 6
amplitude  86.692 0 100
mean       0.172008 -0.2 2
sigma      0.0702198 0 0.6
y-itercept 3.70594 0 1000
slope      -0.662165 -20 0
q-Boundary 0.0983648 -0.4125 0.5875
========== 18 6 0.6 3
0 0 -4 6
amplitude  442.174 0 460
mean       0.104812 -0.2 2
sigma      0.100799 0 0.6
y-itercept 5.65248 0 4600
slope      -0.884202 -92 0
q-Boundary -0.157007 -0.6625 0.3375
========== 18 7 0.6 3
0 0 -4 6
amplitude  303.212 0 306
mean       0.111995 -0.2 2
sigma      0.140601 0 0.6
y-itercept 2.49153 0 3060
slope      -0.0582436 -61.2 0
q-Boundary -0.396749 -0.8375 0.1625
========== 18 8 0.6 3
0 0 -4 6
amplitude  209.315 0 214
mean       0.139481 -0.2 2
sigma      0.155104 0 0.6
y-itercept 3.998 0 2140
slope      -0.50455 -42.8 0
q-Boundary -0.595462 -1.0875 -0.0875
========== 18 9 0.6 3
0 0 -4 6
amplitude  153.237 0 167
mean       0.143669 -0.2 2
sigma      0.163262 0 0.6
y-itercept 3.83227 0 1670
slope      -0.429267 -33.4 0
q-Boundary -0.891537 -1.3875 -0.3875
========== 18 10 0.6 3
0 0 -4 6
amplitude  118.811 0 139
mean       0.134812 -0.2 2
sigma      0.168387 0 0.6
y-itercept 4.20728 0 1390
slope      -0.535494 -27.8 0
q-Boundary -1.13212 -1.6375 -0.6375
========== 18 11 0.6 3
0 0 -4 6
amplitude  83.6721 0 96
mean       0.119843 -0.2 2
sigma      0.185152 0 0.6
y-itercept 5.72416 0 960
slope      -0.976298 -19.2 0
q-Boundary -1.38753 -1.8875 -0.8875
========== 18 12 0.6 3
0 0 -4 6
amplitude  61.6289 0 74
mean       0.119023 -0.2 2
sigma      0.188972 0 0.6
y-itercept 5.56414 0 740
slope      -0.915433 -14.8 0
q-Boundary -1.63447 -2.1375 -1.1375
========== 18 13 0.6 3
0 0 -4 6
amplitude  97.1513 0 108
mean       0.113116 -0.2 2
sigma      0.202854 0 0.6
y-itercept 10.5058 0 1080
slope      -1.73554 -21.6 0
q-Boundary -1.82503 -2.325 -1.325
========== 18 14 0.6 3
0 0 -4 6
amplitude  257.986 0 289
mean       0.127466 -0.2 2
sigma      0.22822 0 0.6
y-itercept 46.1498 0 2890
slope      -7.703 -57.8 0
q-Boundary -2.10007 -2.6 -1.6
========== 18 15 0.6 3
0 0 -4 6
amplitude  75.4686 0 97
mean       0.179545 -0.2 2
sigma      0.222937 0 0.6
y-itercept 25.1129 0 970
slope      -5.51029 -19.4 0
q-Boundary -2.31463 -2.85 -1.85
========== 18 16 0.6 3
0 0 -4 6
amplitude  21.4204 0 80
mean       0.173085 -0.2 2
sigma      0.176437 0 0.6
y-itercept 17.2623 0 800
slope      -4.57164 -16 0
q-Boundary -2.49971 -3.05 -2.05

========== 19 0 0.6 3
0 0 -4 6
amplitude  1443.33 0 1480
mean       0.124084 -0.2 2
sigma      0.153981 0 0.6
y-itercept 36.0966 0 14800
slope      -3.8111 -296 0
q-Boundary -2.38763 -2.8875 -1.8875
========== 19 5 0.6 3
0 0 -4 6
amplitude  90.3521 0 99
mean       0.184594 -0.2 2
sigma      0.0709408 0 0.6
y-itercept 3.78033 0 990
slope      -0.654132 -19.8 0
q-Boundary 0.0651369 -0.4375 0.5625
========== 19 6 0.6 3
0 0 -4 6
amplitude  420.562 0 428
mean       0.108526 -0.2 2
sigma      0.108625 0 0.6
y-itercept 4.84512 0 4280
slope      -0.736968 -85.6 0
q-Boundary -0.155321 -0.6625 0.3375
========== 19 7 0.6 3
0 0 -4 6
amplitude  275.95 0 279
mean       0.109025 -0.2 2
sigma      0.149879 0 0.6
y-itercept 2.74542 0 2790
slope      -0.182356 -55.8 0
q-Boundary -0.256836 -0.8625 0.1375
========== 19 8 0.6 3
0 0 -4 6
amplitude  203.333 0 210
mean       0.135934 -0.2 2
sigma      0.157529 0 0.6
y-itercept 4.08332 0 2100
slope      -0.545722 -42 0
q-Boundary -0.61253 -1.1125 -0.1125
========== 19 9 0.6 3
0 0 -4 6
amplitude  148.066 0 161
mean       0.135914 -0.2 2
sigma      0.164188 0 0.6
y-itercept 3.97439 0 1610
slope      -0.54496 -32.2 0
q-Boundary -0.85889 -1.3625 -0.3625
========== 19 10 0.6 3
0 0 -4 6
amplitude  115.051 0 130
mean       0.126972 -0.2 2
sigma      0.176203 0 0.6
y-itercept 4.2008 0 1300
slope      -0.55973 -26 0
q-Boundary -1.13347 -1.6375 -0.6375
========== 19 11 0.6 3
0 0 -4 6
amplitude  80.961 0 105
mean       0.114649 -0.2 2
sigma      0.178087 0 0.6
y-itercept 5.64336 0 1050
slope      -0.946014 -21 0
q-Boundary -1.41254 -1.9125 -0.9125
========== 19 12 0.6 3
0 0 -4 6
amplitude  63.2015 0 78
mean       0.109066 -0.2 2
sigma      0.200538 0 0.6
y-itercept 4.89024 0 780
slope      -0.763378 -15.6 0
q-Boundary -1.61253 -2.1125 -1.1125
========== 19 13 0.6 3
0 0 -4 6
amplitude  48.8583 0 69
mean       0.113208 -0.2 2
sigma      0.1956 0 0.6
y-itercept 4.96292 0 690
slope      -0.811231 -13.8 0
q-Boundary -1.85944 -2.3625 -1.3625
========== 19 14 0.6 3
0 0 -4 6
amplitude  136.196 0 178
mean       0.149855 -0.2 2
sigma      0.224879 0 0.6
y-itercept 22.2557 0 1780
slope      -3.64315 -35.6 0
q-Boundary -2.05004 -2.55 -1.55
========== 19 15 0.6 3
0 0 -4 6
amplitude  83.5661 0 107
mean       0.180302 -0.2 2
sigma      0.244734 0 0.6
y-itercept 24.1296 0 1070
slope      -5.05634 -21.4 0
q-Boundary -2.32032 -2.85 -1.85
========== 19 16 0.6 3
0 0 -4 6
amplitude  29.9982 0 127
mean       0.141787 -0.2 2
sigma      0.15093 0 0.6
y-itercept 32.837 0 1270
slope      -8.56001 -25.4 0
q-Boundary -2.50548 -3 -2

========== 20 0 0.6 3
0 0 -4 6
amplitude  1403.7 0 1455
mean       0.115275 -0.2 2
sigma      0.175126 0 0.6
y-itercept 42.7063 0 14550
slope      -5.88878 -291 0
q-Boundary -2.35274 -2.9875 -1.9875
========== 20 5 0.6 3
0 0 -4 6
amplitude  120.373 0 128
mean       0.122341 -0.2 2
sigma      0.150441 0 0.6
y-itercept 3.22501 0 1280
slope      -0.469886 -25.6 0
q-Boundary -0.224769 -0.7875 0.2125
========== 20 6 0.6 3
0 0 -4 6
amplitude  366.884 0 394
mean       0.0846593 -0.2 2
sigma      0.159151 0 0.6
y-itercept 3.21415 0 3940
slope      -0.307938 -78.8 0
q-Boundary -0.448454 -0.9125 0.0875
========== 20 7 0.6 3
0 0 -4 6
amplitude  254.492 0 264
mean       0.120884 -0.2 2
sigma      0.152488 0 0.6
y-itercept 4.79613 0 2640
slope      -0.770835 -52.8 0
q-Boundary -0.762535 -1.2625 -0.2625
========== 20 8 0.6 3
0 0 -4 6
amplitude  186.808 0 206
mean       0.141382 -0.2 2
sigma      0.169899 0 0.6
y-itercept 5.23363 0 2060
slope      -0.923623 -41.2 0
q-Boundary -0.962587 -1.4625 -0.4625
========== 20 9 0.6 3
0 0 -4 6
amplitude  132.641 0 148
mean       0.142622 -0.2 2
sigma      0.18306 0 0.6
y-itercept 4.75962 0 1480
slope      -0.76872 -29.6 0
q-Boundary -1.1876 -1.6875 -0.6875
========== 20 10 0.6 3
0 0 -4 6
amplitude  104.192 0 117
mean       0.126218 -0.2 2
sigma      0.183023 0 0.6
y-itercept 5.26528 0 1170
slope      -0.912945 -23.4 0
q-Boundary -1.38756 -1.8875 -0.8875
========== 20 11 0.6 3
0 0 -4 6
amplitude  76.8914 0 101
mean       0.108967 -0.2 2
sigma      0.188209 0 0.6
y-itercept 6.48097 0 1010
slope      -1.21234 -20.2 0
q-Boundary -1.5815 -2.0875 -1.0875
========== 20 12 0.6 3
0 0 -4 6
amplitude  59.6344 0 69
mean       0.106523 -0.2 2
sigma      0.19555 0 0.6
y-itercept 6.13167 0 690
slope      -1.13121 -13.8 0
q-Boundary -1.76254 -2.2625 -1.2625
========== 20 13 0.6 3
0 0 -4 6
amplitude  90.2695 0 100
mean       0.0965638 -0.2 2
sigma      0.20187 0 0.6
y-itercept 11.6008 0 1000
slope      -2.13085 -20 0
q-Boundary -1.94737 -2.475 -1.475
========== 20 14 0.6 3
0 0 -4 6
amplitude  117.933 0 134
mean       0.13093 -0.2 2
sigma      0.221691 0 0.6
y-itercept 26.8834 0 1340
slope      -5.04999 -26.8 0
q-Boundary -2.15977 -2.65 -1.65
========== 20 15 0.6 3
0 0 -4 6
amplitude  49.0492 0 70
mean       0.162414 -0.2 2
sigma      0.198185 0 0.6
y-itercept 12.9051 0 700
slope      -2.70195 -14 0
q-Boundary -2.35133 -2.875 -1.875
========== 20 16 0.6 3
0 0 -4 6
amplitude  85.448 0 131
mean       0.128829 -0.2 2
sigma      0.196383 0 0.6
y-itercept 32.5803 0 1310
slope      -8.37573 -26.2 0
q-Boundary -2.50006 -3 -2

========== 21 0 0.6 3
0 0 -4 6
amplitude  1327.97 0 1398
mean       0.11994 -0.2 2
sigma      0.186799 0 0.6
y-itercept 41.1309 0 13980
slope      -5.66027 -279.6 0
q-Boundary -2.23807 -2.9125 -1.9125
========== 21 5 0.6 3
0 0 -4 6
amplitude  147.404 0 161
mean       0.122089 -0.2 2
sigma      0.160034 0 0.6
y-itercept 2.9032 0 1610
slope      -0.363037 -32.2 0
q-Boundary -0.312522 -0.8125 0.1875
========== 21 6 0.6 3
0 0 -4 6
amplitude  317.478 0 325
mean       0.0928747 -0.2 2
sigma      0.181618 0 0.6
y-itercept 2.02607 0 3250
slope      -0.0432469 -65 0
q-Boundary -0.449519 -0.9375 0.0625
========== 21 7 0.6 3
0 0 -4 6
amplitude  224.325 0 245
mean       0.132727 -0.2 2
sigma      0.176448 0 0.6
y-itercept 3.77883 0 2450
slope      -0.5121 -49 0
q-Boundary -0.742601 -1.2375 -0.2375
========== 21 8 0.6 3
0 0 -4 6
amplitude  157.313 0 173
mean       0.138339 -0.2 2
sigma      0.188132 0 0.6
y-itercept 4.89745 0 1730
slope      -0.816699 -34.6 0
q-Boundary -0.99562 -1.4875 -0.4875
========== 21 9 0.6 3
0 0 -4 6
amplitude  129.026 0 131
mean       0.144741 -0.2 2
sigma      0.183473 0 0.6
y-itercept 4.56165 0 1310
slope      -0.734771 -26.2 0
q-Boundary -1.18444 -1.6875 -0.6875
========== 21 10 0.6 3
0 0 -4 6
amplitude  102.515 0 119
mean       0.140576 -0.2 2
sigma      0.180421 0 0.6
y-itercept 5.20414 0 1190
slope      -0.912815 -23.8 0
q-Boundary -1.36253 -1.8625 -0.8625
========== 21 11 0.6 3
0 0 -4 6
amplitude  77.9945 0 98
mean       0.0972789 -0.2 2
sigma      0.187332 0 0.6
y-itercept 6.45737 0 980
slope      -1.21951 -19.6 0
q-Boundary -1.58424 -2.0875 -1.0875
========== 21 12 0.6 3
0 0 -4 6
amplitude  58.2074 0 77
mean       0.106367 -0.2 2
sigma      0.20407 0 0.6
y-itercept 5.87871 0 770
slope      -1.07044 -15.4 0
q-Boundary -1.76253 -2.2625 -1.2625
========== 21 13 0.6 3
0 0 -4 6
amplitude  92.8949 0 114
mean       0.0991423 -0.2 2
sigma      0.197884 0 0.6
y-itercept 11.1891 0 1140
slope      -2.03005 -22.8 0
q-Boundary -1.94079 -2.475 -1.475
========== 21 14 0.6 3
0 0 -4 6
amplitude  132.997 0 175
mean       0.116641 -0.2 2
sigma      0.204545 0 0.6
y-itercept 25.067 0 1750
slope      -4.80998 -35 0
q-Boundary -2.15007 -2.65 -1.65
========== 21 15 0.6 3
0 0 -4 6
amplitude  86.075 0 111
mean       0.146803 -0.2 2
sigma      0.214763 0 0.6
y-itercept 23.3088 0 1110
slope      -4.79323 -22.2 0
q-Boundary -2.3042 -2.85 -1.85
========== 21 16 0.6 3
0 0 -4 6
amplitude  96.0653 0 118
mean       0.171948 -0.2 2
sigma      0.182047 0 0.6
y-itercept 32.8704 0 1180
slope      -8.29838 -23.6 0
q-Boundary -2.50005 -3 -2

========== 24 0 0.6 3
0 0 -4 6
amplitude  1228.95 0 1305
mean       0.134951 -0.2 2
sigma      0.199268 0 0.6
y-itercept 45.9817 0 13050
slope      -6.66322 -261 0
q-Boundary -2.37239 -2.9375 -1.9375
========== 24 5 0.6 3
0 0 -4 6
amplitude  122.937 0 131
mean       0.148341 -0.2 2
sigma      0.154504 0 0.6
y-itercept 3.36264 0 1310
slope      -0.614589 -26.2 0
q-Boundary -0.250836 -0.7375 0.2625
========== 24 6 0.6 3
0 0 -4 6
amplitude  316.851 0 334
mean       0.0870824 -0.2 2
sigma      0.193202 0 0.6
y-itercept 2.35403 0 3340
slope      -0.0999367 -66.8 0
q-Boundary -0.467946 -0.9625 0.0375
========== 24 7 0.6 3
0 0 -4 6
amplitude  207.736 0 232
mean       0.14728 -0.2 2
sigma      0.191575 0 0.6
y-itercept 3.49899 0 2320
slope      -0.424658 -46.4 0
q-Boundary -0.742131 -1.2375 -0.2375
========== 24 8 0.6 3
0 0 -4 6
amplitude  155.023 0 168
mean       0.170974 -0.2 2
sigma      0.192358 0 0.6
y-itercept 5.81364 0 1680
slope      -1.02984 -33.6 0
q-Boundary -0.976791 -1.4875 -0.4875
========== 24 9 0.6 3
0 0 -4 6
amplitude  122.4 0 136
mean       0.164824 -0.2 2
sigma      0.191572 0 0.6
y-itercept 5.53069 0 1360
slope      -0.962418 -27.2 0
q-Boundary -1.16254 -1.6625 -0.6625
========== 24 10 0.6 3
0 0 -4 6
amplitude  94.1344 0 117
mean       0.157354 -0.2 2
sigma      0.195316 0 0.6
y-itercept 5.86162 0 1170
slope      -1.06861 -23.4 0
q-Boundary -1.38754 -1.8875 -0.8875
========== 24 11 0.6 3
0 0 -4 6
amplitude  70.5077 0 90
mean       0.140192 -0.2 2
sigma      0.204908 0 0.6
y-itercept 7.36872 0 900
slope      -1.42297 -18 0
q-Boundary -1.58756 -2.0875 -1.0875
========== 24 12 0.6 3
0 0 -4 6
amplitude  96.194 0 112
mean       0.139145 -0.2 2
sigma      0.209395 0 0.6
y-itercept 13.5243 0 1120
slope      -2.59339 -22.4 0
q-Boundary -1.77504 -2.275 -1.275
========== 24 13 0.6 3
0 0 -4 6
amplitude  144.683 0 160
mean       0.106871 -0.2 2
sigma      0.231825 0 0.6
y-itercept 25.5935 0 1600
slope      -4.74725 -32 0
q-Boundary -2.09121 -2.45 -1.45
========== 24 14 0.6 3
0 0 -4 6
amplitude  115.279 0 138
mean       0.122436 -0.2 2
sigma      0.229881 0 0.6
y-itercept 27.5408 0 1380
slope      -5.32486 -27.6 0
q-Boundary -2.1501 -2.65 -1.65
========== 24 15 0.6 3
0 0 -4 6
amplitude  155.815 0 205
mean       0.149703 -0.2 2
sigma      0.227654 0 0.6
y-itercept 55.3947 0 2050
slope      -11.2322 -41 0
q-Boundary -2.3001 -2.8 -1.8
========== 24 16 0.6 3
0 0 -4 6
amplitude  80.5587 0 156
mean       0.151839 -0.2 2
sigma      0.199722 0 0.6
y-itercept 38.2219 0 1560
slope      -9.37335 -31.2 0
q-Boundary -2.50835 -3 -2

========== 25 0 0.6 3
0 0 -4 6
amplitude  1191.26 0 1282
mean       0.128765 -0.2 2
sigma      0.204443 0 0.6
y-itercept 64.4188 0 12820
slope      -10.8852 -256.4 0
q-Boundary -2.42444 -2.9875 -1.9875
========== 25 5 0.6 3
0 0 -4 6
amplitude  122.45 0 133
mean       0.137924 -0.2 2
sigma      0.175408 0 0.6
y-itercept 4.2514 0 1330
slope      -0.758227 -26.6 0
q-Boundary -0.281887 -0.7875 0.2125
========== 25 6 0.6 3
0 0 -4 6
amplitude  298.908 0 320
mean       0.0863309 -0.2 2
sigma      0.196918 0 0.6
y-itercept 3.679 0 3200
slope      -0.359874 -64 0
q-Boundary -0.537542 -1.0375 -0.0375
========== 25 7 0.6 3
0 0 -4 6
amplitude  197.689 0 210
mean       0.144559 -0.2 2
sigma      0.199733 0 0.6
y-itercept 6.22134 0 2100
slope      -1.02833 -42 0
q-Boundary -0.8128 -1.3125 -0.3125
========== 25 8 0.6 3
0 0 -4 6
amplitude  146.098 0 165
mean       0.155161 -0.2 2
sigma      0.197356 0 0.6
y-itercept 8.5974 0 1650
slope      -1.69995 -33 0
q-Boundary -0.967206 -1.4875 -0.4875
========== 25 9 0.6 3
0 0 -4 6
amplitude  113.901 0 138
mean       0.16938 -0.2 2
sigma      0.199633 0 0.6
y-itercept 7.44836 0 1380
slope      -1.43207 -27.6 0
q-Boundary -1.17976 -1.6875 -0.6875
========== 25 10 0.6 3
0 0 -4 6
amplitude  88.6627 0 109
mean       0.143104 -0.2 2
sigma      0.200042 0 0.6
y-itercept 8.54316 0 1090
slope      -1.69522 -21.8 0
q-Boundary -1.38756 -1.8875 -0.8875
========== 25 11 0.6 3
0 0 -4 6
amplitude  65.1629 0 82
mean       0.11789 -0.2 2
sigma      0.192626 0 0.6
y-itercept 10.4511 0 820
slope      -2.25281 -16.4 0
q-Boundary -1.58755 -2.0875 -1.0875
========== 25 12 0.6 3
0 0 -4 6
amplitude  53.1305 0 71
mean       0.127286 -0.2 2
sigma      0.199012 0 0.6
y-itercept 10.204 0 710
slope      -2.18513 -14.2 0
q-Boundary -1.76255 -2.2625 -1.2625
========== 25 13 0.6 3
0 0 -4 6
amplitude  78.3215 0 106
mean       0.105012 -0.2 2
sigma      0.209742 0 0.6
y-itercept 19.8281 0 1060
slope      -4.23078 -21.2 0
q-Boundary -1.96717 -2.475 -1.475
========== 25 14 0.6 3
0 0 -4 6
amplitude  23.9401 0 73
mean       0.136806 -0.2 2
sigma      0.194383 0 0.6
y-itercept 10.5454 0 730
slope      -2.2545 -14.6 0
q-Boundary -2.16258 -2.6625 -1.6625
========== 25 15 0.6 3
0 0 -4 6
amplitude  40.8497 0 124
mean       0.130977 -0.2 2
sigma      0.196898 0 0.6
y-itercept 19.5406 0 1240
slope      -4.25399 -24.8 0
q-Boundary -2.32525 -2.825 -1.825
========== 25 16 0.6 3
0 0 -4 6
amplitude  19.768 0 106
mean       0.141956 -0.2 2
sigma      0.17564 0 0.6
y-itercept 14.44 0 1060
slope      -3.73733 -21.2 0
q-Boundary -2.51439 -3.025 -2.025

========== 26 0 0.6 3
0 0 -4 6
amplitude  1229.52 0 1259
mean       0.127092 -0.2 2
sigma      0.204771 0 0.6
y-itercept 42.0047 0 12590
slope      -5.39873 -251.8 0
q-Boundary -2.17366 -2.9375 -1.9375
========== 26 5 0.6 3
0 0 -4 6
amplitude  178.242 0 184
mean       0.131903 -0.2 2
sigma      0.157397 0 0.6
y-itercept 3.77138 0 1840
slope      -0.654178 -36.8 0
q-Boundary -0.217246 -0.8125 0.1875
========== 26 6 0.6 3
0 0 -4 6
amplitude  315.47 0 318
mean       0.092182 -0.2 2
sigma      0.191284 0 0.6
y-itercept 2.73769 0 3180
slope      -0.180868 -63.6 0
q-Boundary -0.462557 -0.9625 0.0375
========== 26 7 0.6 3
0 0 -4 6
amplitude  205.222 0 219
mean       0.144582 -0.2 2
sigma      0.192521 0 0.6
y-itercept 4.04405 0 2190
slope      -0.535191 -43.8 0
q-Boundary -0.737547 -1.2375 -0.2375
========== 26 8 0.6 3
0 0 -4 6
amplitude  138.838 0 156
mean       0.169069 -0.2 2
sigma      0.204189 0 0.6
y-itercept 5.55402 0 1560
slope      -0.935089 -31.2 0
q-Boundary -0.987535 -1.4875 -0.4875
========== 26 9 0.6 3
0 0 -4 6
amplitude  105.611 0 117
mean       0.163047 -0.2 2
sigma      0.221732 0 0.6
y-itercept 4.22304 0 1170
slope      -0.602114 -23.4 0
q-Boundary -1.18765 -1.6875 -0.6875
========== 26 10 0.6 3
0 0 -4 6
amplitude  82.0653 0 95
mean       0.148365 -0.2 2
sigma      0.219395 0 0.6
y-itercept 5.226 0 950
slope      -0.853017 -19 0
q-Boundary -1.38354 -1.8875 -0.8875
========== 26 11 0.6 3
0 0 -4 6
amplitude  60.8086 0 71
mean       0.112661 -0.2 2
sigma      0.233353 0 0.6
y-itercept 6.134 0 710
slope      -1.10287 -14.2 0
q-Boundary -1.57691 -2.0875 -1.0875
========== 26 12 0.6 3
0 0 -4 6
amplitude  102.247 0 119
mean       0.0985711 -0.2 2
sigma      0.216529 0 0.6
y-itercept 11.3956 0 1190
slope      -2.07427 -23.8 0
q-Boundary -1.74572 -2.275 -1.275
========== 26 13 0.6 3
0 0 -4 6
amplitude  155.905 0 173
mean       0.0997678 -0.2 2
sigma      0.233613 0 0.6
y-itercept 21.5548 0 1730
slope      -3.67707 -34.6 0
q-Boundary -1.95003 -2.45 -1.45
========== 26 14 0.6 3
0 0 -4 6
amplitude  53.1478 0 67
mean       0.0801304 -0.2 2
sigma      0.22725 0 0.6
y-itercept 12.3677 0 670
slope      -2.1781 -13.4 0
q-Boundary -2.15377 -2.675 -1.675
========== 26 15 0.6 3
0 0 -4 6
amplitude  88.6029 0 116
mean       0.109624 -0.2 2
sigma      0.266581 0 0.6
y-itercept 22.2947 0 1160
slope      -4.05303 -23.2 0
q-Boundary -2.35004 -2.85 -1.85
========== 26 16 0.6 3
0 0 -4 6
amplitude  89.3602 0 113
mean       0.177187 -0.2 2
sigma      0.226135 0 0.6
y-itercept 27.2635 0 1130
slope      -6.40178 -22.6 0
q-Boundary -2.99743 -3 -2

========== 27 0 0.6 3
0 0 -4 6
amplitude  1119.73 0 1198
mean       0.126263 -0.2 2
sigma      0.220755 0 0.6
y-itercept 70.5439 0 11980
slope      -12.0029 -239.6 0
q-Boundary -2.42097 -2.9625 -1.9625
========== 27 5 0.6 3
0 0 -4 6
amplitude  107.863 0 110
mean       0.149297 -0.2 2
sigma      0.19322 0 0.6
y-itercept 4.43202 0 1100
slope      -0.797183 -22 0
q-Boundary -0.327361 -0.8375 0.1625
========== 27 6 0.6 3
0 0 -4 6
amplitude  278.437 0 293
mean       0.0761215 -0.2 2
sigma      0.22287 0 0.6
y-itercept 4.11617 0 2930
slope      -0.436169 -58.6 0
q-Boundary -0.516865 -1.0875 -0.0875
========== 27 7 0.6 3
0 0 -4 6
amplitude  187.322 0 214
mean       0.137194 -0.2 2
sigma      0.21942 0 0.6
y-itercept 6.50735 0 2140
slope      -1.05679 -42.8 0
q-Boundary -0.737655 -1.2375 -0.2375
========== 27 8 0.6 3
0 0 -4 6
amplitude  134.649 0 153
mean       0.160427 -0.2 2
sigma      0.212776 0 0.6
y-itercept 9.33386 0 1530
slope      -1.83155 -30.6 0
q-Boundary -0.98755 -1.5125 -0.5125
========== 27 9 0.6 3
0 0 -4 6
amplitude  107.08 0 133
mean       0.157689 -0.2 2
sigma      0.206961 0 0.6
y-itercept 9.0905 0 1330
slope      -1.79811 -26.6 0
q-Boundary -1.16747 -1.7125 -0.7125
========== 27 10 0.6 3
0 0 -4 6
amplitude  87.1767 0 110
mean       0.146138 -0.2 2
sigma      0.196947 0 0.6
y-itercept 10.1552 0 1100
slope      -2.05845 -22 0
q-Boundary -1.38755 -1.8875 -0.8875
========== 27 11 0.6 3
0 0 -4 6
amplitude  63.9788 0 77
mean       0.128353 -0.2 2
sigma      0.203938 0 0.6
y-itercept 11.28 0 770
slope      -2.38828 -15.4 0
q-Boundary -1.58217 -2.0875 -1.0875
========== 27 12 0.6 3
0 0 -4 6
amplitude  93.6063 0 123
mean       0.104134 -0.2 2
sigma      0.211127 0 0.6
y-itercept 21.3483 0 1230
slope      -4.4783 -24.6 0
q-Boundary -1.81395 -2.275 -1.275
========== 27 13 0.6 3
0 0 -4 6
amplitude  73.3918 0 109
mean       0.0903199 -0.2 2
sigma      0.213996 0 0.6
y-itercept 20.7613 0 1090
slope      -4.41301 -21.8 0
q-Boundary -1.98227 -2.475 -1.475
========== 27 14 0.6 3
0 0 -4 6
amplitude  56.8428 0 128
mean       0.120181 -0.2 2
sigma      0.183896 0 0.6
y-itercept 22.5448 0 1280
slope      -4.9011 -25.6 0
q-Boundary -2.16546 -2.675 -1.675
========== 27 15 0.6 3
0 0 -4 6
amplitude  20.4444 0 78
mean       0.162064 -0.2 2
sigma      0.17548 0 0.6
y-itercept 11.1709 0 780
slope      -2.48182 -15.6 0
q-Boundary -2.33758 -2.8375 -1.8375
========== 27 16 0.6 3
0 0 -4 6
amplitude  15.061 0 134
mean       0.237394 -0.2 2
sigma      0.160764 0 0.6
y-itercept 15.521 0 1340
slope      -3.98304 -26.8 0
q-Boundary -2.51126 -3.025 -2.025
