# 181 angles,  1 tensor ranks for 0=projectile
@subtitle   "40Ar(1H,1H)40Ar at 4.41 MeV"                                                   
@legend ON
@legend x1 0.2
@legend y1 0.8
@g0 type LOGY
@yaxis ticklabel format power
@xaxis label "Scattering angle (degrees)"
@yaxis label "Cross section (mb/sr)"
@legend string   0 "Partition=  1 Excit=  1 near/far= 1"
#legend string   0 "Lab energy =    4.4100"
@s0 linestyle   1
#  Theta       sigma       iT11        T20         T21         T22         Kyy for projectile
  0.1000E-01  0.3913E+18
   1.000      0.3914E+10
   2.000      0.2444E+09
   3.000      0.4820E+08
   4.000      0.1525E+08
   5.000      0.6267E+07
   6.000      0.3039E+07
   7.000      0.1652E+07
   8.000      0.9752E+06
   9.000      0.6130E+06
   10.00      0.4044E+06
   11.00      0.2772E+06
   12.00      0.1961E+06
   13.00      0.1423E+06
   14.00      0.1055E+06
   15.00      0.7963E+05
   16.00      0.6107E+05
   17.00      0.4749E+05
   18.00      0.3739E+05
   19.00      0.2975E+05
   20.00      0.2391E+05
   21.00      0.1939E+05
   22.00      0.1586E+05
   23.00      0.1307E+05
   24.00      0.1085E+05
   25.00       9076.    
   26.00       7640.    
   27.00       6472.    
   28.00       5518.    
   29.00       4732.    
   30.00       4082.    
   31.00       3542.    
   32.00       3090.    
   33.00       2711.    
   34.00       2391.    
   35.00       2120.    
   36.00       1889.    
   37.00       1691.    
   38.00       1521.    
   39.00       1375.    
   40.00       1247.    
   41.00       1137.    
   42.00       1040.    
   43.00       954.7    
   44.00       879.6    
   45.00       812.9    
   46.00       753.6    
   47.00       700.5    
   48.00       652.9    
   49.00       609.9    
   50.00       570.9    
   51.00       535.5    
   52.00       503.2    
   53.00       473.6    
   54.00       446.4    
   55.00       421.2    
   56.00       398.0    
   57.00       376.4    
   58.00       356.4    
   59.00       337.7    
   60.00       320.2    
   61.00       303.7    
   62.00       288.3    
   63.00       273.8    
   64.00       260.2    
   65.00       247.3    
   66.00       235.1    
   67.00       223.5    
   68.00       212.6    
   69.00       202.2    
   70.00       192.4    
   71.00       183.1    
   72.00       174.2    
   73.00       165.7    
   74.00       157.7    
   75.00       150.0    
   76.00       142.7    
   77.00       135.7    
   78.00       129.1    
   79.00       122.8    
   80.00       116.7    
   81.00       111.0    
   82.00       105.5    
   83.00       100.2    
   84.00       95.21    
   85.00       90.43    
   86.00       85.87    
   87.00       81.51    
   88.00       77.36    
   89.00       73.40    
   90.00       69.62    
   91.00       66.01    
   92.00       62.57    
   93.00       59.29    
   94.00       56.17    
   95.00       53.19    
   96.00       50.35    
   97.00       47.65    
   98.00       45.08    
   99.00       42.64    
   100.0       40.31    
   101.0       38.10    
   102.0       36.00    
   103.0       34.01    
   104.0       32.12    
   105.0       30.33    
   106.0       28.64    
   107.0       27.04    
   108.0       25.52    
   109.0       24.09    
   110.0       22.75    
   111.0       21.48    
   112.0       20.29    
   113.0       19.17    
   114.0       18.12    
   115.0       17.14    
   116.0       16.23    
   117.0       15.38    
   118.0       14.59    
   119.0       13.86    
   120.0       13.18    
   121.0       12.56    
   122.0       12.00    
   123.0       11.48    
   124.0       11.01    
   125.0       10.58    
   126.0       10.21    
   127.0       9.870    
   128.0       9.575    
   129.0       9.318    
   130.0       9.099    
   131.0       8.916    
   132.0       8.767    
   133.0       8.650    
   134.0       8.565    
   135.0       8.508    
   136.0       8.479    
   137.0       8.476    
   138.0       8.498    
   139.0       8.544    
   140.0       8.611    
   141.0       8.698    
   142.0       8.804    
   143.0       8.928    
   144.0       9.068    
   145.0       9.223    
   146.0       9.391    
   147.0       9.572    
   148.0       9.763    
   149.0       9.964    
   150.0       10.17    
   151.0       10.39    
   152.0       10.61    
   153.0       10.84    
   154.0       11.06    
   155.0       11.30    
   156.0       11.53    
   157.0       11.76    
   158.0       11.99    
   159.0       12.22    
   160.0       12.44    
   161.0       12.66    
   162.0       12.88    
   163.0       13.09    
   164.0       13.29    
   165.0       13.49    
   166.0       13.67    
   167.0       13.85    
   168.0       14.01    
   169.0       14.17    
   170.0       14.31    
   171.0       14.44    
   172.0       14.56    
   173.0       14.67    
   174.0       14.76    
   175.0       14.84    
   176.0       14.91    
   177.0       14.96    
   178.0       14.99    
   179.0       15.02    
   180.0       15.02    
 END
