# 181 angles,  1 tensor ranks for 0=projectile
@subtitle   "40Ar(1H,1H)40Ar at 8.13 MeV"                                                   
@legend ON
@legend x1 0.2
@legend y1 0.8
@g0 type LOGY
@yaxis ticklabel format power
@xaxis label "Scattering angle (degrees)"
@yaxis label "Cross section (mb/sr)"
@legend string   0 "Partition=  1 Excit=  1 near/far= 1"
#legend string   0 "Lab energy =    8.1300"
@s0 linestyle   1
#  Theta       sigma       iT11        T20         T21         T22         Kyy for projectile
  0.1000E-01  0.1151E+18
   1.000      0.1150E+10
   2.000      0.7215E+08
   3.000      0.1439E+08
   4.000      0.4595E+07
   5.000      0.1892E+07
   6.000      0.9106E+06
   7.000      0.4870E+06
   8.000      0.2808E+06
   9.000      0.1712E+06
   10.00      0.1091E+06
   11.00      0.7201E+05
   12.00      0.4894E+05
   13.00      0.3410E+05
   14.00      0.2429E+05
   15.00      0.1765E+05
   16.00      0.1306E+05
   17.00       9840.    
   18.00       7535.    
   19.00       5865.    
   20.00       4637.    
   21.00       3723.    
   22.00       3034.    
   23.00       2508.    
   24.00       2102.    
   25.00       1784.    
   26.00       1532.    
   27.00       1330.    
   28.00       1166.    
   29.00       1031.    
   30.00       917.6    
   31.00       822.0    
   32.00       740.1    
   33.00       669.1    
   34.00       606.8    
   35.00       551.8    
   36.00       502.6    
   37.00       458.4    
   38.00       418.5    
   39.00       382.1    
   40.00       349.0    
   41.00       318.6    
   42.00       290.8    
   43.00       265.3    
   44.00       241.9    
   45.00       220.5    
   46.00       200.9    
   47.00       182.9    
   48.00       166.5    
   49.00       151.6    
   50.00       138.0    
   51.00       125.7    
   52.00       114.6    
   53.00       104.7    
   54.00       95.68    
   55.00       87.66    
   56.00       80.49    
   57.00       74.10    
   58.00       68.43    
   59.00       63.39    
   60.00       58.92    
   61.00       54.96    
   62.00       51.45    
   63.00       48.32    
   64.00       45.53    
   65.00       43.03    
   66.00       40.78    
   67.00       38.73    
   68.00       36.85    
   69.00       35.11    
   70.00       33.48    
   71.00       31.95    
   72.00       30.48    
   73.00       29.07    
   74.00       27.70    
   75.00       26.35    
   76.00       25.04    
   77.00       23.74    
   78.00       22.45    
   79.00       21.18    
   80.00       19.92    
   81.00       18.68    
   82.00       17.45    
   83.00       16.24    
   84.00       15.06    
   85.00       13.90    
   86.00       12.78    
   87.00       11.69    
   88.00       10.64    
   89.00       9.634    
   90.00       8.677    
   91.00       7.772    
   92.00       6.921    
   93.00       6.127    
   94.00       5.392    
   95.00       4.717    
   96.00       4.102    
   97.00       3.549    
   98.00       3.056    
   99.00       2.623    
   100.0       2.248    
   101.0       1.929    
   102.0       1.663    
   103.0       1.447    
   104.0       1.279    
   105.0       1.154    
   106.0       1.069    
   107.0       1.020    
   108.0       1.002    
   109.0       1.012    
   110.0       1.045    
   111.0       1.097    
   112.0       1.164    
   113.0       1.243    
   114.0       1.331    
   115.0       1.425    
   116.0       1.521    
   117.0       1.618    
   118.0       1.715    
   119.0       1.811    
   120.0       1.905    
   121.0       1.997    
   122.0       2.089    
   123.0       2.181    
   124.0       2.277    
   125.0       2.379    
   126.0       2.490    
   127.0       2.614    
   128.0       2.755    
   129.0       2.920    
   130.0       3.111    
   131.0       3.336    
   132.0       3.600    
   133.0       3.909    
   134.0       4.268    
   135.0       4.684    
   136.0       5.162    
   137.0       5.709    
   138.0       6.328    
   139.0       7.026    
   140.0       7.807    
   141.0       8.674    
   142.0       9.630    
   143.0       10.68    
   144.0       11.82    
   145.0       13.06    
   146.0       14.40    
   147.0       15.83    
   148.0       17.35    
   149.0       18.97    
   150.0       20.67    
   151.0       22.46    
   152.0       24.32    
   153.0       26.26    
   154.0       28.26    
   155.0       30.32    
   156.0       32.43    
   157.0       34.58    
   158.0       36.76    
   159.0       38.96    
   160.0       41.17    
   161.0       43.37    
   162.0       45.56    
   163.0       47.72    
   164.0       49.84    
   165.0       51.90    
   166.0       53.90    
   167.0       55.83    
   168.0       57.67    
   169.0       59.40    
   170.0       61.03    
   171.0       62.53    
   172.0       63.90    
   173.0       65.14    
   174.0       66.22    
   175.0       67.15    
   176.0       67.92    
   177.0       68.53    
   178.0       68.96    
   179.0       69.22    
   180.0       69.31    
 END
