# 181 angles,  1 tensor ranks for 0=projectile
@subtitle   "40Ar(1H,1H)40Ar at 5.84 MeV"                                                   
@legend ON
@legend x1 0.2
@legend y1 0.8
@g0 type LOGY
@yaxis ticklabel format power
@xaxis label "Scattering angle (degrees)"
@yaxis label "Cross section (mb/sr)"
@legend string   0 "Partition=  1 Excit=  1 near/far= 1"
#legend string   0 "Lab energy =    5.8400"
@s0 linestyle   1
#  Theta       sigma       iT11        T20         T21         T22         Kyy for projectile
  0.1000E-01  0.2231E+18
   1.000      0.2231E+10
   2.000      0.1392E+09
   3.000      0.2754E+08
   4.000      0.8772E+07
   5.000      0.3626E+07
   6.000      0.1764E+07
   7.000      0.9593E+06
   8.000      0.5646E+06
   9.000      0.3526E+06
   10.00      0.2304E+06
   11.00      0.1561E+06
   12.00      0.1089E+06
   13.00      0.7783E+05
   14.00      0.5678E+05
   15.00      0.4216E+05
   16.00      0.3179E+05
   17.00      0.2431E+05
   18.00      0.1882E+05
   19.00      0.1474E+05
   20.00      0.1167E+05
   21.00       9340.    
   22.00       7546.    
   23.00       6156.    
   24.00       5069.    
   25.00       4212.    
   26.00       3531.    
   27.00       2987.    
   28.00       2548.    
   29.00       2193.    
   30.00       1902.    
   31.00       1663.    
   32.00       1465.    
   33.00       1300.    
   34.00       1162.    
   35.00       1045.    
   36.00       944.7    
   37.00       858.8    
   38.00       784.6    
   39.00       719.8    
   40.00       663.0    
   41.00       612.7    
   42.00       567.9    
   43.00       527.7    
   44.00       491.5    
   45.00       458.6    
   46.00       428.6    
   47.00       401.1    
   48.00       375.8    
   49.00       352.4    
   50.00       330.7    
   51.00       310.6    
   52.00       291.8    
   53.00       274.2    
   54.00       257.7    
   55.00       242.3    
   56.00       227.9    
   57.00       214.3    
   58.00       201.6    
   59.00       189.6    
   60.00       178.3    
   61.00       167.7    
   62.00       157.8    
   63.00       148.4    
   64.00       139.6    
   65.00       131.3    
   66.00       123.6    
   67.00       116.2    
   68.00       109.4    
   69.00       102.9    
   70.00       96.85    
   71.00       91.15    
   72.00       85.80    
   73.00       80.77    
   74.00       76.05    
   75.00       71.61    
   76.00       67.45    
   77.00       63.53    
   78.00       59.85    
   79.00       56.39    
   80.00       53.13    
   81.00       50.07    
   82.00       47.18    
   83.00       44.46    
   84.00       41.90    
   85.00       39.49    
   86.00       37.21    
   87.00       35.06    
   88.00       33.02    
   89.00       31.10    
   90.00       29.29    
   91.00       27.57    
   92.00       25.94    
   93.00       24.40    
   94.00       22.94    
   95.00       21.56    
   96.00       20.25    
   97.00       19.01    
   98.00       17.83    
   99.00       16.72    
   100.0       15.67    
   101.0       14.67    
   102.0       13.73    
   103.0       12.84    
   104.0       12.00    
   105.0       11.21    
   106.0       10.47    
   107.0       9.770    
   108.0       9.120    
   109.0       8.515    
   110.0       7.954    
   111.0       7.436    
   112.0       6.961    
   113.0       6.529    
   114.0       6.138    
   115.0       5.790    
   116.0       5.483    
   117.0       5.218    
   118.0       4.995    
   119.0       4.813    
   120.0       4.673    
   121.0       4.574    
   122.0       4.517    
   123.0       4.501    
   124.0       4.527    
   125.0       4.595    
   126.0       4.704    
   127.0       4.854    
   128.0       5.046    
   129.0       5.279    
   130.0       5.552    
   131.0       5.866    
   132.0       6.220    
   133.0       6.612    
   134.0       7.044    
   135.0       7.513    
   136.0       8.020    
   137.0       8.562    
   138.0       9.139    
   139.0       9.750    
   140.0       10.39    
   141.0       11.07    
   142.0       11.77    
   143.0       12.50    
   144.0       13.26    
   145.0       14.04    
   146.0       14.84    
   147.0       15.66    
   148.0       16.50    
   149.0       17.36    
   150.0       18.23    
   151.0       19.10    
   152.0       19.99    
   153.0       20.87    
   154.0       21.76    
   155.0       22.65    
   156.0       23.54    
   157.0       24.41    
   158.0       25.28    
   159.0       26.14    
   160.0       26.97    
   161.0       27.79    
   162.0       28.59    
   163.0       29.36    
   164.0       30.11    
   165.0       30.83    
   166.0       31.51    
   167.0       32.16    
   168.0       32.77    
   169.0       33.34    
   170.0       33.87    
   171.0       34.35    
   172.0       34.79    
   173.0       35.18    
   174.0       35.52    
   175.0       35.81    
   176.0       36.05    
   177.0       36.24    
   178.0       36.37    
   179.0       36.46    
   180.0       36.48    
 END
