# 181 angles,  1 tensor ranks for 0=projectile
@subtitle   "40Ar(1H,1H)40Ar at 5.84 MeV"                                                   
@legend ON
@legend x1 0.2
@legend y1 0.8
@g0 type LOGY
@yaxis ticklabel format power
@xaxis label "Scattering angle (degrees)"
@yaxis label "Cross section (mb/sr)"
@legend string   0 "Partition=  1 Excit=  1 near/far= 1"
#legend string   0 "Lab energy =    5.8400"
@s0 linestyle   1
#  Theta       sigma       iT11        T20         T21         T22         Kyy for projectile
  0.1000E-01  0.2231E+18
   1.000      0.2231E+10
   2.000      0.1393E+09
   3.000      0.2758E+08
   4.000      0.8771E+07
   5.000      0.3616E+07
   6.000      0.1754E+07
   7.000      0.9499E+06
   8.000      0.5571E+06
   9.000      0.3469E+06
   10.00      0.2262E+06
   11.00      0.1531E+06
   12.00      0.1068E+06
   13.00      0.7643E+05
   14.00      0.5590E+05
   15.00      0.4167E+05
   16.00      0.3159E+05
   17.00      0.2432E+05
   18.00      0.1899E+05
   19.00      0.1502E+05
   20.00      0.1203E+05
   21.00       9745.    
   22.00       7984.    
   23.00       6612.    
   24.00       5531.    
   25.00       4673.    
   26.00       3986.    
   27.00       3430.    
   28.00       2976.    
   29.00       2604.    
   30.00       2295.    
   31.00       2037.    
   32.00       1820.    
   33.00       1635.    
   34.00       1477.    
   35.00       1340.    
   36.00       1222.    
   37.00       1118.    
   38.00       1027.    
   39.00       945.4    
   40.00       872.9    
   41.00       807.8    
   42.00       748.9    
   43.00       695.5    
   44.00       646.7    
   45.00       602.1    
   46.00       561.1    
   47.00       523.2    
   48.00       488.2    
   49.00       455.7    
   50.00       425.5    
   51.00       397.3    
   52.00       371.1    
   53.00       346.5    
   54.00       323.5    
   55.00       302.0    
   56.00       281.9    
   57.00       262.9    
   58.00       245.2    
   59.00       228.5    
   60.00       212.9    
   61.00       198.2    
   62.00       184.4    
   63.00       171.5    
   64.00       159.3    
   65.00       147.9    
   66.00       137.3    
   67.00       127.2    
   68.00       117.9    
   69.00       109.1    
   70.00       100.8    
   71.00       93.16    
   72.00       85.98    
   73.00       79.29    
   74.00       73.04    
   75.00       67.23    
   76.00       61.82    
   77.00       56.80    
   78.00       52.14    
   79.00       47.83    
   80.00       43.84    
   81.00       40.16    
   82.00       36.77    
   83.00       33.65    
   84.00       30.79    
   85.00       28.17    
   86.00       25.79    
   87.00       23.61    
   88.00       21.64    
   89.00       19.87    
   90.00       18.27    
   91.00       16.83    
   92.00       15.56    
   93.00       14.43    
   94.00       13.44    
   95.00       12.58    
   96.00       11.83    
   97.00       11.20    
   98.00       10.67    
   99.00       10.24    
   100.0       9.891    
   101.0       9.627    
   102.0       9.438    
   103.0       9.319    
   104.0       9.263    
   105.0       9.265    
   106.0       9.320    
   107.0       9.423    
   108.0       9.570    
   109.0       9.757    
   110.0       9.979    
   111.0       10.23    
   112.0       10.51    
   113.0       10.82    
   114.0       11.15    
   115.0       11.50    
   116.0       11.86    
   117.0       12.24    
   118.0       12.63    
   119.0       13.02    
   120.0       13.43    
   121.0       13.84    
   122.0       14.26    
   123.0       14.68    
   124.0       15.10    
   125.0       15.52    
   126.0       15.94    
   127.0       16.36    
   128.0       16.77    
   129.0       17.19    
   130.0       17.59    
   131.0       18.00    
   132.0       18.40    
   133.0       18.79    
   134.0       19.18    
   135.0       19.56    
   136.0       19.93    
   137.0       20.30    
   138.0       20.66    
   139.0       21.01    
   140.0       21.36    
   141.0       21.70    
   142.0       22.03    
   143.0       22.35    
   144.0       22.67    
   145.0       22.97    
   146.0       23.27    
   147.0       23.57    
   148.0       23.85    
   149.0       24.13    
   150.0       24.40    
   151.0       24.66    
   152.0       24.91    
   153.0       25.16    
   154.0       25.40    
   155.0       25.63    
   156.0       25.85    
   157.0       26.06    
   158.0       26.27    
   159.0       26.47    
   160.0       26.66    
   161.0       26.84    
   162.0       27.01    
   163.0       27.17    
   164.0       27.33    
   165.0       27.48    
   166.0       27.61    
   167.0       27.74    
   168.0       27.86    
   169.0       27.97    
   170.0       28.07    
   171.0       28.17    
   172.0       28.25    
   173.0       28.32    
   174.0       28.39    
   175.0       28.44    
   176.0       28.48    
   177.0       28.52    
   178.0       28.54    
   179.0       28.56    
   180.0       28.56    
 END
