# 181 angles,  1 tensor ranks for 0=projectile
@subtitle   "40Ar(1H,1H)40Ar at 8.13 MeV"                                                   
@legend ON
@legend x1 0.2
@legend y1 0.8
@g0 type LOGY
@yaxis ticklabel format power
@xaxis label "Scattering angle (degrees)"
@yaxis label "Cross section (mb/sr)"
@legend string   0 "Partition=  1 Excit=  1 near/far= 1"
#legend string   0 "Lab energy =    8.1300"
@s0 linestyle   1
#  Theta       sigma       iT11        T20         T21         T22         Kyy for projectile
  0.1000E-01  0.1151E+18
   1.000      0.1150E+10
   2.000      0.7213E+08
   3.000      0.1436E+08
   4.000      0.4576E+07
   5.000      0.1881E+07
   6.000      0.9049E+06
   7.000      0.4842E+06
   8.000      0.2797E+06
   9.000      0.1711E+06
   10.00      0.1094E+06
   11.00      0.7255E+05
   12.00      0.4958E+05
   13.00      0.3476E+05
   14.00      0.2494E+05
   15.00      0.1826E+05
   16.00      0.1363E+05
   17.00      0.1036E+05
   18.00       8015.    
   19.00       6303.    
   20.00       5038.    
   21.00       4091.    
   22.00       3373.    
   23.00       2822.    
   24.00       2394.    
   25.00       2057.    
   26.00       1788.    
   27.00       1571.    
   28.00       1394.    
   29.00       1247.    
   30.00       1123.    
   31.00       1019.    
   32.00       928.4    
   33.00       849.9    
   34.00       780.8    
   35.00       719.4    
   36.00       664.5    
   37.00       614.8    
   38.00       569.7    
   39.00       528.4    
   40.00       490.5    
   41.00       455.5    
   42.00       423.1    
   43.00       393.1    
   44.00       365.1    
   45.00       339.1    
   46.00       314.8    
   47.00       292.2    
   48.00       271.0    
   49.00       251.2    
   50.00       232.7    
   51.00       215.4    
   52.00       199.3    
   53.00       184.2    
   54.00       170.1    
   55.00       157.0    
   56.00       144.7    
   57.00       133.2    
   58.00       122.6    
   59.00       112.6    
   60.00       103.4    
   61.00       94.77    
   62.00       86.77    
   63.00       79.34    
   64.00       72.45    
   65.00       66.06    
   66.00       60.14    
   67.00       54.66    
   68.00       49.60    
   69.00       44.93    
   70.00       40.62    
   71.00       36.66    
   72.00       33.03    
   73.00       29.69    
   74.00       26.64    
   75.00       23.85    
   76.00       21.32    
   77.00       19.02    
   78.00       16.93    
   79.00       15.06    
   80.00       13.38    
   81.00       11.88    
   82.00       10.55    
   83.00       9.380    
   84.00       8.358    
   85.00       7.475    
   86.00       6.722    
   87.00       6.089    
   88.00       5.569    
   89.00       5.152    
   90.00       4.831    
   91.00       4.599    
   92.00       4.449    
   93.00       4.373    
   94.00       4.364    
   95.00       4.418    
   96.00       4.526    
   97.00       4.684    
   98.00       4.885    
   99.00       5.125    
   100.0       5.397    
   101.0       5.697    
   102.0       6.020    
   103.0       6.362    
   104.0       6.718    
   105.0       7.083    
   106.0       7.455    
   107.0       7.829    
   108.0       8.202    
   109.0       8.571    
   110.0       8.932    
   111.0       9.284    
   112.0       9.623    
   113.0       9.948    
   114.0       10.26    
   115.0       10.55    
   116.0       10.82    
   117.0       11.07    
   118.0       11.29    
   119.0       11.50    
   120.0       11.68    
   121.0       11.84    
   122.0       11.97    
   123.0       12.08    
   124.0       12.16    
   125.0       12.22    
   126.0       12.26    
   127.0       12.28    
   128.0       12.27    
   129.0       12.25    
   130.0       12.20    
   131.0       12.14    
   132.0       12.06    
   133.0       11.96    
   134.0       11.85    
   135.0       11.72    
   136.0       11.58    
   137.0       11.44    
   138.0       11.28    
   139.0       11.12    
   140.0       10.95    
   141.0       10.77    
   142.0       10.59    
   143.0       10.41    
   144.0       10.23    
   145.0       10.05    
   146.0       9.868    
   147.0       9.691    
   148.0       9.517    
   149.0       9.347    
   150.0       9.183    
   151.0       9.024    
   152.0       8.871    
   153.0       8.725    
   154.0       8.587    
   155.0       8.456    
   156.0       8.333    
   157.0       8.217    
   158.0       8.110    
   159.0       8.010    
   160.0       7.919    
   161.0       7.835    
   162.0       7.759    
   163.0       7.690    
   164.0       7.628    
   165.0       7.572    
   166.0       7.523    
   167.0       7.479    
   168.0       7.441    
   169.0       7.408    
   170.0       7.379    
   171.0       7.355    
   172.0       7.334    
   173.0       7.317    
   174.0       7.303    
   175.0       7.291    
   176.0       7.282    
   177.0       7.275    
   178.0       7.271    
   179.0       7.268    
   180.0       7.267    
 END
