# 181 angles,  1 tensor ranks for 0=projectile
@subtitle   "40Ar(1H,1H)40Ar at 4.41 MeV"                                                   
@legend ON
@legend x1 0.2
@legend y1 0.8
@g0 type LOGY
@yaxis ticklabel format power
@xaxis label "Scattering angle (degrees)"
@yaxis label "Cross section (mb/sr)"
@legend string   0 "Partition=  1 Excit=  1 near/far= 1"
#legend string   0 "Lab energy =    4.4100"
@s0 linestyle   1
#  Theta       sigma       iT11        T20         T21         T22         Kyy for projectile
  0.1000E-01  0.3913E+18
   1.000      0.3914E+10
   2.000      0.2445E+09
   3.000      0.4826E+08
   4.000      0.1529E+08
   5.000      0.6278E+07
   6.000      0.3039E+07
   7.000      0.1648E+07
   8.000      0.9695E+06
   9.000      0.6070E+06
   10.00      0.3989E+06
   11.00      0.2725E+06
   12.00      0.1922E+06
   13.00      0.1391E+06
   14.00      0.1030E+06
   15.00      0.7775E+05
   16.00      0.5968E+05
   17.00      0.4650E+05
   18.00      0.3671E+05
   19.00      0.2934E+05
   20.00      0.2371E+05
   21.00      0.1936E+05
   22.00      0.1596E+05
   23.00      0.1327E+05
   24.00      0.1113E+05
   25.00       9409.    
   26.00       8013.    
   27.00       6874.    
   28.00       5937.    
   29.00       5160.    
   30.00       4513.    
   31.00       3970.    
   32.00       3511.    
   33.00       3121.    
   34.00       2788.    
   35.00       2503.    
   36.00       2256.    
   37.00       2041.    
   38.00       1854.    
   39.00       1689.    
   40.00       1545.    
   41.00       1416.    
   42.00       1302.    
   43.00       1200.    
   44.00       1109.    
   45.00       1026.    
   46.00       951.6    
   47.00       883.9    
   48.00       822.3    
   49.00       766.0    
   50.00       714.5    
   51.00       667.2    
   52.00       623.6    
   53.00       583.3    
   54.00       546.1    
   55.00       511.6    
   56.00       479.5    
   57.00       449.7    
   58.00       422.0    
   59.00       396.1    
   60.00       371.9    
   61.00       349.3    
   62.00       328.1    
   63.00       308.3    
   64.00       289.8    
   65.00       272.3    
   66.00       256.0    
   67.00       240.6    
   68.00       226.2    
   69.00       212.7    
   70.00       200.0    
   71.00       188.0    
   72.00       176.7    
   73.00       166.2    
   74.00       156.2    
   75.00       146.9    
   76.00       138.1    
   77.00       129.9    
   78.00       122.1    
   79.00       114.9    
   80.00       108.0    
   81.00       101.6    
   82.00       95.62    
   83.00       89.99    
   84.00       84.71    
   85.00       79.77    
   86.00       75.15    
   87.00       70.83    
   88.00       66.80    
   89.00       63.03    
   90.00       59.52    
   91.00       56.25    
   92.00       53.21    
   93.00       50.38    
   94.00       47.76    
   95.00       45.32    
   96.00       43.08    
   97.00       41.00    
   98.00       39.08    
   99.00       37.32    
   100.0       35.71    
   101.0       34.22    
   102.0       32.87    
   103.0       31.64    
   104.0       30.52    
   105.0       29.51    
   106.0       28.60    
   107.0       27.79    
   108.0       27.06    
   109.0       26.42    
   110.0       25.85    
   111.0       25.36    
   112.0       24.94    
   113.0       24.58    
   114.0       24.28    
   115.0       24.04    
   116.0       23.85    
   117.0       23.70    
   118.0       23.61    
   119.0       23.55    
   120.0       23.53    
   121.0       23.55    
   122.0       23.60    
   123.0       23.68    
   124.0       23.79    
   125.0       23.92    
   126.0       24.08    
   127.0       24.25    
   128.0       24.45    
   129.0       24.66    
   130.0       24.89    
   131.0       25.13    
   132.0       25.39    
   133.0       25.65    
   134.0       25.93    
   135.0       26.21    
   136.0       26.50    
   137.0       26.79    
   138.0       27.09    
   139.0       27.39    
   140.0       27.69    
   141.0       28.00    
   142.0       28.30    
   143.0       28.61    
   144.0       28.91    
   145.0       29.22    
   146.0       29.52    
   147.0       29.81    
   148.0       30.11    
   149.0       30.40    
   150.0       30.68    
   151.0       30.96    
   152.0       31.23    
   153.0       31.50    
   154.0       31.76    
   155.0       32.01    
   156.0       32.26    
   157.0       32.49    
   158.0       32.72    
   159.0       32.95    
   160.0       33.16    
   161.0       33.36    
   162.0       33.56    
   163.0       33.74    
   164.0       33.92    
   165.0       34.09    
   166.0       34.24    
   167.0       34.39    
   168.0       34.53    
   169.0       34.65    
   170.0       34.77    
   171.0       34.87    
   172.0       34.96    
   173.0       35.05    
   174.0       35.12    
   175.0       35.18    
   176.0       35.23    
   177.0       35.27    
   178.0       35.30    
   179.0       35.31    
   180.0       35.32    
 END
